1998,1,13204,MCO,1,0.014012803
2011,10,10397,ATL,1,0.012982717
1998,4,10397,ATL,1,0.019875921
1998,3,11298,DFW,1,0.011815629
1998,3,11292,DEN,1,0.017856603
1989,7,13930,ORD,1,0.027200367
2011,7,13930,ORD,1,0.01144927
1989,10,11292,DEN,1,0.016650384
1989,10,11298,DFW,1,0.016938414
2011,8,13204,MCO,1,0.0106298495
2011,10,11292,DEN,1,0.00931476
1989,8,13204,MCO,1,0.026850056
2011,10,11298,DFW,1,0.0083876755
1998,1,13930,ORD,1,0.02124247
2011,11,10397,ATL,1,0.012344806
1989,11,10397,ATL,1,0.027898056
1989,9,10397,ATL,1,0.041596398
2011,6,13204,MCO,1,0.010626318
2011,8,11292,DEN,1,0.00851694
2011,8,11298,DFW,1,0.007998349
1998,2,11298,DFW,1,0.013037538
1998,2,11292,DEN,1,0.017588923
2011,9,10397,ATL,1,0.01294014
1998,3,10397,ATL,1,0.02397588
2011,6,13930,ORD,1,0.013815335
2002,12,13930,ORD,1,0.012565632
1989,6,13930,ORD,1,0.025774047
2011,7,13204,MCO,1,0.01023898
2011,9,11292,DEN,1,0.011076785
2011,9,11298,DFW,1,0.0077817254
1989,10,10397,ATL,1,0.033257447
1989,9,11292,DEN,1,0.017133558
1989,9,11298,DFW,1,0.016652508
1989,7,13204,MCO,1,0.023311604
1998,6,10397,ATL,1,0.014091091
1998,5,11298,DFW,1,0.010482789
1998,5,11292,DEN,1,0.016386382
1989,9,13930,ORD,1,0.019574985
1989,12,11298,DFW,1,0.021245664
1989,12,11292,DEN,1,0.024994235
1989,10,13204,MCO,1,0.02080212
2011,9,13930,ORD,1,0.013414543
1998,3,13930,ORD,1,0.018154588
2011,10,13204,MCO,1,0.012481152
2011,12,11292,DEN,1,0.014662503
2011,12,11298,DFW,1,0.011758376
1998,6,11298,DFW,1,0.013991899
1998,6,11292,DEN,1,0.020103442
1998,4,13204,MCO,1,0.010955351
1998,4,11298,DFW,1,0.009837529
1998,4,11292,DEN,1,0.016479144
1998,2,13204,MCO,1,0.014264239
1998,5,10397,ATL,1,0.023137813
1989,8,13930,ORD,1,0.026062682
2011,8,13930,ORD,1,0.0105811665
1989,12,10397,ATL,1,0.028848287
2011,12,10397,ATL,1,0.011547288
1989,11,11298,DFW,1,0.018117597
1989,11,11292,DEN,1,0.018163517
1989,9,13204,MCO,1,0.021942694
1998,2,13930,ORD,1,0.017201293
1998,3,13204,MCO,1,0.010451853
2011,9,13204,MCO,1,0.010268959
2011,11,11292,DEN,1,0.0088566635
2011,11,11298,DFW,1,0.010866281
2007,2,10397,ATL,1,0.013958557
2007,1,11292,DEN,1,0.018726123
2007,1,11298,DFW,1,0.015900094
2011,11,13930,ORD,1,0.011997764
1989,11,13930,ORD,1,0.023399986
1989,12,13204,MCO,1,0.023596875
2011,12,13204,MCO,1,0.009154803
1998,5,13930,ORD,1,0.016476458
1998,8,11298,DFW,1,0.012624008
1998,8,11292,DEN,1,0.022369908
1998,6,13204,MCO,1,0.012219109
1998,9,10397,ATL,1,0.0128012635
2007,1,10397,ATL,1,0.013100654
1998,7,10397,ATL,1,0.017399568
2011,10,13930,ORD,1,0.011032325
1989,10,13930,ORD,1,0.020566406
2011,11,13204,MCO,1,0.008538869
1989,11,13204,MCO,1,0.02192078
1998,4,13930,ORD,1,0.015544557
1998,5,13204,MCO,1,0.010902494
1998,8,10397,ATL,1,0.015348773
1998,7,11298,DFW,1,0.014916792
1998,7,11292,DEN,1,0.022804398
2007,4,10397,ATL,1,0.012800429
1998,7,13930,ORD,1,0.016677447
2007,1,13930,ORD,1,0.015700819
1998,10,11298,DFW,1,0.016252667
1998,10,11292,DEN,1,0.021615468
1998,8,13204,MCO,1,0.012016206
2007,2,13204,MCO,1,0.013098647
2007,4,11292,DEN,1,0.017251845
2007,4,11298,DFW,1,0.014477578
2007,5,10397,ATL,1,0.01558009
1998,11,10397,ATL,1,0.016052224
2007,2,11292,DEN,1,0.01821898
2007,2,11298,DFW,1,0.014775839
2007,3,10397,ATL,1,0.012383293
1989,12,13930,ORD,1,0.025191642
2011,12,13930,ORD,1,0.009324409
1998,6,13930,ORD,1,0.018529192
1998,7,13204,MCO,1,0.013612399
1998,10,10397,ATL,1,0.014958091
2007,1,13204,MCO,1,0.01178018
2007,3,11292,DEN,1,0.016390061
2007,3,11298,DFW,1,0.012112638
1998,9,11298,DFW,1,0.012899132
1998,9,11292,DEN,1,0.020341093
1998,9,13930,ORD,1,0.01687172
1998,12,11298,DFW,1,0.015256518
1998,12,11292,DEN,1,0.019824266
1998,10,13204,MCO,1,0.0070634265
2007,3,13930,ORD,1,0.01634663
2007,4,13204,MCO,1,0.010726826
2007,6,11292,DEN,1,0.019152088
2007,6,11298,DFW,1,0.019623954
2007,7,10397,ATL,1,0.01947089
1998,8,13930,ORD,1,0.017585674
1998,9,13204,MCO,1,0.010690823
1998,12,10397,ATL,1,0.018484944
2007,2,13930,ORD,1,0.017209532
1998,11,11298,DFW,1,0.013891999
1998,11,11292,DEN,1,0.01410577
2007,6,10397,ATL,1,0.0178403
2007,3,13204,MCO,1,0.011851482
2007,5,11292,DEN,1,0.018529827
2007,5,11298,DFW,1,0.016439384
1998,11,13930,ORD,1,0.014549765
2007,5,13930,ORD,1,0.0152730625
1998,12,13204,MCO,1,0.012264952
2007,6,13204,MCO,1,0.011162216
2007,8,11292,DEN,1,0.015606734
2007,8,11298,DFW,1,0.015616048
2007,9,10397,ATL,1,0.014606361
1994,2,11298,DFW,1,0.017760193
1994,2,11292,DEN,1,0.016382387
1994,3,10397,ATL,1,0.02839592
1994,1,10397,ATL,1,0.03144571
2007,4,13930,ORD,1,0.015620561
1998,10,13930,ORD,1,0.01588317
2007,5,13204,MCO,1,0.009193504
2007,7,11292,DEN,1,0.018383585
2007,7,11298,DFW,1,0.0183117
1998,11,13204,MCO,1,0.00800298
2007,8,10397,ATL,1,0.019219492
1994,2,10397,ATL,1,0.027266761
1994,1,11298,DFW,1,0.019855456
1994,1,11292,DEN,1,0.017178696
2007,7,13930,ORD,1,0.016085226
1994,1,13930,ORD,1,0.02037433
2007,8,13204,MCO,1,0.009893198
2007,10,11292,DEN,1,0.014526805
2007,10,11298,DFW,1,0.013488719
1994,4,11298,DFW,1,0.019707061
1994,4,11292,DEN,1,0.019471603
1994,2,13204,MCO,1,0.018729584
2007,11,10397,ATL,1,0.0129541885
1994,5,10397,ATL,1,0.031301618
1998,12,13930,ORD,1,0.015269301
2007,6,13930,ORD,1,0.01794104
2007,10,10397,ATL,1,0.017983245
1994,1,13204,MCO,1,0.020242749
2007,7,13204,MCO,1,0.01255778
2007,9,11292,DEN,1,0.011920286
2007,9,11298,DFW,1,0.012659407
1994,4,10397,ATL,1,0.031597562
1994,3,11298,DFW,1,0.017285472
1994,3,11292,DEN,1,0.01526862
2007,9,13930,ORD,1,0.010585265
2007,10,13204,MCO,1,0.013193024
2007,12,11292,DEN,1,0.01902167
2007,12,11298,DFW,1,0.016357832
1994,3,13930,ORD,1,0.013032338
1994,6,11292,DEN,1,0.021881886
1994,6,11298,DFW,1,0.0214619
1994,4,13204,MCO,1,0.018062117
1994,7,10397,ATL,1,0.03224611
2003,1,10397,ATL,1,0.013577017
2007,8,13930,ORD,1,0.01677255
2007,9,13204,MCO,1,0.009515403
2007,11,11292,DEN,1,0.013144543
2007,11,11298,DFW,1,0.013374107
1994,2,13930,ORD,1,0.015525834
1994,3,13204,MCO,1,0.0168981
2007,12,10397,ATL,1,0.020394577
1994,6,10397,ATL,1,0.030076697
1994,5,11298,DFW,1,0.01971093
1994,5,11292,DEN,1,0.021921992
2007,11,13930,ORD,1,0.012074337
1994,5,13930,ORD,1,0.01374928
2007,12,13204,MCO,1,0.012710178
1994,8,11298,DFW,1,0.018700358
1994,8,11292,DEN,1,0.020137982
1994,6,13204,MCO,1,0.021529594
1994,9,10397,ATL,1,0.026515655
2003,3,10397,ATL,1,0.015013385
2003,2,11298,DFW,1,0.013435931
2003,2,11292,DEN,1,0.012622103
2007,12,13930,ORD,1,0.018997965
2007,10,13930,ORD,1,0.014298889
1994,4,13930,ORD,1,0.015248603
1994,5,13204,MCO,1,0.016011074
2007,11,13204,MCO,1,0.008618873
1994,8,10397,ATL,1,0.028541582
1994,7,11292,DEN,1,0.024622649
1994,7,11298,DFW,1,0.019548686
2003,1,11298,DFW,1,0.0081728
2003,1,11292,DEN,1,0.012056254
2003,2,10397,ATL,1,0.013263103
1994,7,13930,ORD,1,0.015913136
1994,10,11298,DFW,1,0.016274445
1994,10,11292,DEN,1,0.016534066
1994,8,13204,MCO,1,0.020967524
2003,1,13930,ORD,1,0.014146368
1994,11,10397,ATL,1,0.028951826
2003,5,10397,ATL,1,0.014964804
2003,4,11298,DFW,1,0.008223821
2003,4,11292,DEN,1,0.0112481825
2003,2,13204,MCO,1,0.0122488225
1994,6,13930,ORD,1,0.016317653
1994,10,10397,ATL,1,0.027369907
1994,9,11298,DFW,1,0.0178961
1994,9,11292,DEN,1,0.015510627
1994,7,13204,MCO,1,0.020162273
2003,3,11298,DFW,1,0.0089069335
2003,3,11292,DEN,1,0.014137643
2003,1,13204,MCO,1,0.008301336
2003,4,10397,ATL,1,0.011805609
1994,12,11298,DFW,1,0.018478697
1994,12,11292,DEN,1,0.013514386
1994,10,13204,MCO,1,0.018998025
2003,3,13930,ORD,1,0.011118571
2003,7,10397,ATL,1,0.021109134
2003,6,11298,DFW,1,0.013244377
2003,6,11292,DEN,1,0.01233871
2003,4,13204,MCO,1,0.010162604
2012,1,10397,ATL,1,0.011637456
1990,1,10397,ATL,1,0.028801167
1994,10,13930,ORD,1,0.014925305
1994,8,13930,ORD,1,0.015214864
2003,2,13930,ORD,1,0.011393237
1994,12,10397,ATL,1,0.030366994
1994,11,11298,DFW,1,0.0198496
1994,11,11292,DEN,1,0.013767132
1994,9,13204,MCO,1,0.01812899
2003,5,11298,DFW,1,0.011768038
2003,5,11292,DEN,1,0.010134979
2003,3,13204,MCO,1,0.012206739
2003,6,10397,ATL,1,0.01757907
1994,9,13930,ORD,1,0.013785306
1994,12,13204,MCO,1,0.018060781
2003,5,13930,ORD,1,0.010387037
2003,9,10397,ATL,1,0.014263029
2003,8,11298,DFW,1,0.013709085
2003,8,11292,DEN,1,0.01291639
2003,6,13204,MCO,1,0.012616342
2012,2,11292,DEN,1,0.012209357
2012,2,11298,DFW,1,0.01025427
1990,2,11292,DEN,1,0.022332817
1990,2,11298,DFW,1,0.025931947
1990,3,10397,ATL,1,0.030267188
2012,3,10397,ATL,1,0.013855412
1994,12,13930,ORD,1,0.013804036
2003,6,13930,ORD,1,0.010061851
2003,4,13930,ORD,1,0.0093031945
1994,11,13204,MCO,1,0.019502556
2003,7,11298,DFW,1,0.014508447
2003,7,11292,DEN,1,0.0132445395
2003,5,13204,MCO,1,0.009509264
2003,8,10397,ATL,1,0.021119837
1990,2,10397,ATL,1,0.030879773
1990,1,11298,DFW,1,0.017966976
1990,1,11292,DEN,1,0.017597402
2012,1,11292,DEN,1,0.009626215
2012,1,11298,DFW,1,0.008087475
2012,2,10397,ATL,1,0.010066335
1994,11,13930,ORD,1,0.013562918
1990,1,13930,ORD,1,0.018581191
2003,11,10397,ATL,1,0.014726497
2003,10,11298,DFW,1,0.008184314
2003,10,11292,DEN,1,0.012400333
2003,8,13204,MCO,1,0.012506722
2012,1,13930,ORD,1,0.009545637
1990,4,11298,DFW,1,0.028534632
1990,4,11292,DEN,1,0.026488634
2012,5,10397,ATL,1,0.01139713
1990,2,13204,MCO,1,0.022801802
2012,2,13204,MCO,1,0.007869756
1990,5,10397,ATL,1,0.026866239
2012,4,11292,DEN,1,0.011364249
2012,4,11298,DFW,1,0.009047898
2003,8,13930,ORD,1,0.011820198
2003,9,11298,DFW,1,0.007983851
2003,9,11292,DEN,1,0.008656887
2003,7,13204,MCO,1,0.01328831
1990,1,13204,MCO,1,0.021598166
2012,1,13204,MCO,1,0.007396505
2012,3,11292,DEN,1,0.011467131
2012,3,11298,DFW,1,0.009574715
2003,10,10397,ATL,1,0.014556468
2012,4,10397,ATL,1,0.009096355
1990,4,10397,ATL,1,0.029030554
1990,3,11292,DEN,1,0.021585349
1990,3,11298,DFW,1,0.026266646
2003,7,13930,ORD,1,0.011197307
2003,12,11298,DFW,1,0.013170922
2003,12,11292,DEN,1,0.014057451
2003,10,13204,MCO,1,0.0097740535
2012,4,13204,MCO,1,0.008225614
2012,6,11292,DEN,1,0.015140719
2012,6,11298,DFW,1,0.011671444
2012,3,13930,ORD,1,0.010286404
1990,6,11298,DFW,1,0.025540495
1990,6,11292,DEN,1,0.020705245
1990,4,13204,MCO,1,0.017919
1990,7,10397,ATL,1,0.03364067
1999,1,10397,ATL,1,0.018572703
2012,7,10397,ATL,1,0.013232652
2003,10,13930,ORD,1,0.012507419
2012,4,13930,ORD,1,0.009302709
2003,11,13204,MCO,1,0.012423865
1990,4,13930,ORD,1,0.019091731
2003,11,11298,DFW,1,0.011432701
2003,11,11292,DEN,1,0.010380802
2003,9,13204,MCO,1,0.009907185
1990,2,13930,ORD,1,0.022721099
2012,2,13930,ORD,1,0.009066876
2003,12,10397,ATL,1,0.018370558
1990,6,10397,ATL,1,0.02878901
1990,5,11298,DFW,1,0.026976848
1990,5,11292,DEN,1,0.020663764
1990,3,13204,MCO,1,0.021864453
2012,3,13204,MCO,1,0.009012943
2012,5,11292,DEN,1,0.01364155
2012,5,11298,DFW,1,0.01128226
2012,6,10397,ATL,1,0.0109713115
2003,9,13930,ORD,1,0.01190841
1990,3,13930,ORD,1,0.02394934
1990,8,11298,DFW,1,0.025999265
1990,8,11292,DEN,1,0.024492502
2012,9,10397,ATL,1,0.010094352
1990,6,13204,MCO,1,0.023417445
1990,9,10397,ATL,1,0.027170314
2012,6,13204,MCO,1,0.009698357
2012,8,11292,DEN,1,0.012967166
2012,8,11298,DFW,1,0.01111708
1999,3,10397,ATL,1,0.014924244
1999,2,11298,DFW,1,0.0098616285
1999,2,11292,DEN,1,0.013347634
2003,12,13930,ORD,1,0.019790169
1990,6,13930,ORD,1,0.01789898
2012,6,13930,ORD,1,0.0112443855
2012,5,13204,MCO,1,0.010746111
2012,7,11292,DEN,1,0.015592984
2012,7,11298,DFW,1,0.012990631
2012,8,10397,ATL,1,0.012366945
1990,8,10397,ATL,1,0.033505198
1990,7,11298,DFW,1,0.023764033
1990,7,11292,DEN,1,0.023642533
1990,5,13204,MCO,1,0.01922311
1999,1,11298,DFW,1,0.013112173
1999,1,11292,DEN,1,0.016890174
1999,2,10397,ATL,1,0.015070255
2003,11,13930,ORD,1,0.017084531
2012,5,13930,ORD,1,0.009613596
1990,5,13930,ORD,1,0.018664831
2003,12,13204,MCO,1,0.012377149
1990,11,10397,ATL,1,0.023571495
2012,10,11298,DFW,1,0.014449237
1999,5,10397,ATL,1,0.016836492
2012,11,10397,ATL,1,0.0110671725
1999,4,11298,DFW,1,0.015809856
1999,4,11292,DEN,1,0.020647416
1999,2,13204,MCO,1,0.009173949
2012,8,13930,ORD,1,0.011752574
1990,8,13930,ORD,1,0.016800394
1999,2,13930,ORD,1,0.013350963
2012,9,13204,MCO,1,0.008905239
2012,11,11292,DEN,1,0.009881855
2012,11,11298,DFW,1,0.0097450325
2012,12,10397,ATL,1,0.012576146
1990,12,10397,ATL,1,0.027213175
1990,11,11292,DEN,1,0.01967033
1990,11,11298,DFW,1,0.023311539
1990,9,13204,MCO,1,0.019540496
1990,10,10397,ATL,1,0.027027756
1990,9,11298,DFW,1,0.024843644
1990,9,11292,DEN,1,0.01922028
1990,7,13204,MCO,1,0.025055924
1999,3,11298,DFW,1,0.016611153
1999,3,11292,DEN,1,0.011244754
1999,1,13204,MCO,1,0.011972258
2012,7,13204,MCO,1,0.011374374
2012,9,11292,DEN,1,0.01097308
2012,9,11298,DFW,1,0.015329989
2012,10,10397,ATL,1,0.012016947
1999,4,10397,ATL,1,0.01732069
1990,7,13930,ORD,1,0.01547276
2012,8,13204,MCO,1,0.012786709
2012,10,11292,DEN,1,0.012015344
2012,7,13930,ORD,1,0.012195934
1990,10,11292,DEN,1,0.021557523
1990,10,11298,DFW,1,0.023812527
1990,8,13204,MCO,1,0.024547305
1999,1,13930,ORD,1,0.015790809
1999,7,10397,ATL,1,0.023356935
1999,6,11298,DFW,1,0.015387138
1999,6,11292,DEN,1,0.018655088
1999,4,13204,MCO,1,0.012322668
2008,1,10397,ATL,1,0.01760577
1990,10,13930,ORD,1,0.016903644
1999,4,13930,ORD,1,0.018836323
2012,10,13930,ORD,1,0.014177836
1990,11,13204,MCO,1,0.016847545
1999,7,11298,DFW,1,0.016549274
1999,7,11292,DEN,1,0.020612596
1999,5,13204,MCO,1,0.013032112
2012,11,13204,MCO,1,0.0088139
1999,5,11298,DFW,1,0.015019432
1999,5,11292,DEN,1,0.019447466
1999,3,13204,MCO,1,0.009683977
1999,6,10397,ATL,1,0.023941904
2012,9,13930,ORD,1,0.012727048
1990,9,13930,ORD,1,0.015779363
2012,12,11298,DFW,1,0.011536901
1990,12,11298,DFW,1,0.024477784
1990,12,11292,DEN,1,0.023436768
1990,10,13204,MCO,1,0.022550419
1999,3,13930,ORD,1,0.014855199
2012,10,13204,MCO,1,0.011260909
2012,12,11292,DEN,1,0.013596815
2008,3,10397,ATL,1,0.017547056
2008,2,11292,DEN,1,0.013899841
2008,2,11298,DFW,1,0.01510911
2012,12,13930,ORD,1,0.010193176
1990,12,13930,ORD,1,0.019135293
1999,6,13930,ORD,1,0.015309152
1999,9,11298,DFW,1,0.010252396
1999,9,11292,DEN,1,0.016653465
1999,7,13204,MCO,1,0.013126881
1999,10,10397,ATL,1,0.02282342
2008,1,11292,DEN,1,0.01363328
2008,1,11298,DFW,1,0.01232585
1999,8,10397,ATL,1,0.016302133
2008,2,10397,ATL,1,0.018092949
1990,11,13930,ORD,1,0.015359752
2012,12,13204,MCO,1,0.011359122
2012,11,13930,ORD,1,0.010506016
1990,12,13204,MCO,1,0.019185275
1999,5,13930,ORD,1,0.018013364
1999,9,10397,ATL,1,0.015511998
1999,8,11298,DFW,1,0.014729311
1999,8,11292,DEN,1,0.021012645
1999,6,13204,MCO,1,0.013604416
2008,5,10397,ATL,1,0.013105313
1999,8,13930,ORD,1,0.016586239
2008,2,13930,ORD,1,0.018949952
1999,11,11298,DFW,1,0.011871442
1999,11,11292,DEN,1,0.012307308
1999,9,13204,MCO,1,0.012211733
2008,3,13204,MCO,1,0.015866961
2008,5,11292,DEN,1,0.017761638
2008,5,11298,DFW,1,0.018024437
1999,12,10397,ATL,1,0.021197965
2008,6,10397,ATL,1,0.014896908
2008,1,13204,MCO,1,0.010963446
2008,3,11292,DEN,1,0.0150546
2008,3,11298,DFW,1,0.015088891
2008,4,10397,ATL,1,0.01408339
1999,7,13930,ORD,1,0.016136488
1999,11,10397,ATL,1,0.017879149
1999,10,11298,DFW,1,0.011479584
1999,10,11292,DEN,1,0.01910425
1999,8,13204,MCO,1,0.01340368
2008,2,13204,MCO,1,0.015160281
2008,4,11292,DEN,1,0.01267632
2008,4,11298,DFW,1,0.015486165
2008,1,13930,ORD,1,0.01696332
1995,1,10397,ATL,1,0.026467985
1999,10,13930,ORD,1,0.018023392
1999,11,13204,MCO,1,0.013480525
2008,4,13930,ORD,1,0.014225499
1995,1,11298,DFW,1,0.0160859
1995,1,11292,DEN,1,0.012567814
2008,5,13204,MCO,1,0.010202628
2008,7,11292,DEN,1,0.012397561
2008,7,11298,DFW,1,0.012654032
2008,8,10397,ATL,1,0.012592414
1999,9,13930,ORD,1,0.015215743
2008,3,13930,ORD,1,0.013810794
1999,12,11298,DFW,1,0.013353074
1999,12,11292,DEN,1,0.020644078
1999,10,13204,MCO,1,0.016480384
2008,6,11298,DFW,1,0.016153792
2008,7,10397,ATL,1,0.014453284
2008,4,13204,MCO,1,0.012537459
2008,6,11292,DEN,1,0.015164467
1999,12,13930,ORD,1,0.016717438
2008,6,13930,ORD,1,0.01814089
2008,7,13204,MCO,1,0.01010508
2008,9,11292,DEN,1,0.010922825
2008,9,11298,DFW,1,0.011236541
2008,10,10397,ATL,1,0.01658297
1995,3,11298,DFW,1,0.019729372
1995,3,11292,DEN,1,0.020189501
1995,1,13204,MCO,1,0.015202603
1995,4,10397,ATL,1,0.02671657
1995,2,10397,ATL,1,0.02596587
1999,11,13930,ORD,1,0.014511672
1999,12,13204,MCO,1,0.015425438
2008,6,13204,MCO,1,0.0117797395
2008,8,11292,DEN,1,0.013076964
2008,5,13930,ORD,1,0.013364346
2008,8,11298,DFW,1,0.012757307
1995,3,10397,ATL,1,0.029299637
2008,9,10397,ATL,1,0.014037202
1995,2,11298,DFW,1,0.016253063
1995,2,11292,DEN,1,0.01808558
1995,2,13930,ORD,1,0.016821055
2008,8,13930,ORD,1,0.011152108
2008,12,10397,ATL,1,0.021108314
1995,5,11298,DFW,1,0.014712021
1995,5,11292,DEN,1,0.024209803
1995,3,13204,MCO,1,0.017686808
2008,9,13204,MCO,1,0.008360654
2008,11,11292,DEN,1,0.009312322
2008,11,11298,DFW,1,0.009172683
1995,6,10397,ATL,1,0.03643344
2008,7,13930,ORD,1,0.012839279
2008,10,11298,DFW,1,0.011270915
2008,11,10397,ATL,1,0.016736165
1995,1,13930,ORD,1,0.01619358
2008,8,13204,MCO,1,0.010785334
2008,10,11292,DEN,1,0.01119102
1995,5,10397,ATL,1,0.025409201
1995,4,11298,DFW,1,0.016883576
1995,4,11292,DEN,1,0.017678073
1995,2,13204,MCO,1,0.015978727
2008,10,13930,ORD,1,0.010264933
1995,4,13930,ORD,1,0.0153546855
2008,11,13204,MCO,1,0.010049677
1995,7,11292,DEN,1,0.022880746
1995,7,11298,DFW,1,0.016412115
1995,5,13204,MCO,1,0.016787594
1995,8,10397,ATL,1,0.039733116
2004,2,10397,ATL,1,0.018251445
2004,1,11298,DFW,1,0.014781395
2004,1,11292,DEN,1,0.016261961
2008,10,13204,MCO,1,0.010541896
2008,9,13930,ORD,1,0.010947118
1995,3,13930,ORD,1,0.01590941
2008,12,11292,DEN,1,0.014352078
2008,12,11298,DFW,1,0.013450422
1995,7,10397,ATL,1,0.033420604
1995,6,11298,DFW,1,0.014667895
1995,6,11292,DEN,1,0.02605075
1995,4,13204,MCO,1,0.019696664
2004,1,10397,ATL,1,0.017359558
1995,6,13930,ORD,1,0.020869365
2008,12,13930,ORD,1,0.018217338
1995,9,11298,DFW,1,0.012072845
1995,9,11292,DEN,1,0.021215592
1995,7,13204,MCO,1,0.017809013
1995,10,10397,ATL,1,0.029252194
2004,4,10397,ATL,1,0.014866297
2004,3,11298,DFW,1,0.0107459435
2004,3,11292,DEN,1,0.010856852
2004,1,13204,MCO,1,0.011964642
2008,11,13930,ORD,1,0.009359765
1995,5,13930,ORD,1,0.018080428
2008,12,13204,MCO,1,0.0123599805
1995,9,10397,ATL,1,0.029614653
1995,8,11292,DEN,1,0.021811096
1995,8,11298,DFW,1,0.016231865
1995,6,13204,MCO,1,0.02054863
2004,2,11292,DEN,1,0.014598834
2004,3,10397,ATL,1,0.01450767
2004,2,11298,DFW,1,0.0149106765
1995,8,13930,ORD,1,0.018706953
1995,11,11298,DFW,1,0.012085039
1995,11,11292,DEN,1,0.016883051
1995,9,13204,MCO,1,0.014694997
2004,2,13930,ORD,1,0.017857503
1995,12,10397,ATL,1,0.03433669
2004,6,10397,ATL,1,0.019346
2004,5,11298,DFW,1,0.010800774
2004,5,11292,DEN,1,0.012514054
2004,3,13204,MCO,1,0.010837607
1995,7,13930,ORD,1,0.0155943055
1995,11,10397,ATL,1,0.029287698
1995,10,11298,DFW,1,0.013126344
1995,10,11292,DEN,1,0.021321664
1995,8,13204,MCO,1,0.01709361
2004,1,13930,ORD,1,0.021138435
2004,4,11292,DEN,1,0.015420521
2004,2,13204,MCO,1,0.015635557
2004,5,10397,ATL,1,0.016950788
2004,4,11298,DFW,1,0.0118243145
1995,11,13204,MCO,1,0.017217211
2004,4,13930,ORD,1,0.013768115
2004,7,11298,DFW,1,0.014273662
2004,7,11292,DEN,1,0.014100648
2004,5,13204,MCO,1,0.011632556
2013,1,11292,DEN,1,0.0141985
1991,1,11298,DFW,1,0.024285791
2013,1,11298,DFW,1,0.012314135
1991,1,11292,DEN,1,0.024357567
2013,2,10397,ATL,1,0.011523867
2004,8,10397,ATL,1,0.015473946
1991,2,10397,ATL,1,0.019107582
1995,11,13930,ORD,1,0.021040706
1995,9,13930,ORD,1,0.015717542
1995,12,11298,DFW,1,0.019148996
1995,12,11292,DEN,1,0.01965779
1995,10,13204,MCO,1,0.020112198
2004,3,13930,ORD,1,0.01668748
2004,6,11292,DEN,1,0.0190419
2004,4,13204,MCO,1,0.012766435
2004,7,10397,ATL,1,0.018169299
2004,6,11298,DFW,1,0.017302502
1991,1,10397,ATL,1,0.026575526
1995,10,13930,ORD,1,0.016290452
2013,1,10397,ATL,1,0.0122959055
2004,6,13930,ORD,1,0.0135401245
2004,9,11298,DFW,1,0.008470184
2004,9,11292,DEN,1,0.008679193
2004,7,13204,MCO,1,0.012731544
1991,3,11292,DEN,1,0.022449324
1991,3,11298,DFW,1,0.015460364
1991,1,13204,MCO,1,0.023294847
2004,10,10397,ATL,1,0.018807637
1991,4,10397,ATL,1,0.025382595
2013,1,13204,MCO,1,0.010669565
2013,3,11292,DEN,1,0.012981999
2013,3,11298,DFW,1,0.008411082
2013,4,10397,ATL,1,0.010931862
1995,12,13204,MCO,1,0.0170668
2004,5,13930,ORD,1,0.01424671
2004,6,13204,MCO,1,0.016467053
2004,9,10397,ATL,1,0.013577365
2004,8,11298,DFW,1,0.010937547
2004,8,11292,DEN,1,0.012632199
1991,3,10397,ATL,1,0.017563136
2013,3,10397,ATL,1,0.010668443
1991,2,11298,DFW,1,0.017244978
1991,2,11292,DEN,1,0.01919041
2013,2,11292,DEN,1,0.012086218
2013,2,11298,DFW,1,0.010914478
1995,12,13930,ORD,1,0.026934693
1991,2,13930,ORD,1,0.01818382
2013,2,13930,ORD,1,0.0138568375
2004,11,11298,DFW,1,0.014063986
2004,11,11292,DEN,1,0.013650707
2004,9,13204,MCO,1,0.012745954
1991,5,11298,DFW,1,0.019603549
2013,3,13204,MCO,1,0.011477459
1991,5,11292,DEN,1,0.023665471
2013,5,11292,DEN,1,0.012899456
1991,3,13204,MCO,1,0.015829861
2013,5,11298,DFW,1,0.011942911
2013,6,10397,ATL,1,0.016679587
2004,12,10397,ATL,1,0.017277537
1991,6,10397,ATL,1,0.028359113
2004,9,13930,ORD,1,0.0069994116
2013,1,13930,ORD,1,0.010926884
2004,7,13930,ORD,1,0.011889655
2004,8,13204,MCO,1,0.013097987
1991,1,13930,ORD,1,0.020577613
2004,11,10397,ATL,1,0.017465299
2013,2,13204,MCO,1,0.011780543
2013,4,11292,DEN,1,0.013890609
2013,4,11298,DFW,1,0.012288009
2004,10,11298,DFW,1,0.012492295
2004,10,11292,DEN,1,0.011731837
1991,5,10397,ATL,1,0.033125073
1991,4,11292,DEN,1,0.018572371
1991,4,11298,DFW,1,0.016594436
1991,2,13204,MCO,1,0.015626384
2013,5,10397,ATL,1,0.011601858
2004,8,13930,ORD,1,0.010934158
2004,11,13204,MCO,1,0.011768362
1991,7,11298,DFW,1,0.0255739
1991,7,11292,DEN,1,0.019823316
1991,5,13204,MCO,1,0.01955078
2013,4,13930,ORD,1,0.011671583
1991,8,10397,ATL,1,0.029851403
2000,2,10397,ATL,1,0.016272664
2013,5,13204,MCO,1,0.010194183
2013,7,11292,DEN,1,0.014577685
2013,7,11298,DFW,1,0.011770331
2000,1,11298,DFW,1,0.00874545
2000,1,11292,DEN,1,0.017268538
2013,8,10397,ATL,1,0.014656671
2013,5,13930,ORD,1,0.013956603
2004,11,13930,ORD,1,0.012924645
2004,12,13204,MCO,1,0.014905352
1991,5,13930,ORD,1,0.015771022
2004,10,13204,MCO,1,0.00933988
1991,3,13930,ORD,1,0.01968261
2013,3,13930,ORD,1,0.0099894
2004,12,11298,DFW,1,0.013413824
2004,12,11292,DEN,1,0.016911238
1991,7,10397,ATL,1,0.02897368
2013,7,10397,ATL,1,0.018134013
1991,6,11298,DFW,1,0.02327027
1991,6,11292,DEN,1,0.022043876
1991,4,13204,MCO,1,0.017701216
2013,4,13204,MCO,1,0.012145383
2013,6,11292,DEN,1,0.014521101
2013,6,11298,DFW,1,0.011778595
2000,1,10397,ATL,1,0.016106663
2004,10,13930,ORD,1,0.010843666
1991,4,13930,ORD,1,0.01860056
1991,9,11298,DFW,1,0.02674725
2013,7,13204,MCO,1,0.013676714
1991,9,11292,DEN,1,0.019108173
2013,9,11292,DEN,1,0.01334804
1991,7,13204,MCO,1,0.018488796
2013,9,11298,DFW,1,0.008617213
2013,10,10397,ATL,1,0.012121118
1991,10,10397,ATL,1,0.029367551
2000,3,11298,DFW,1,0.013617634
2000,3,11292,DEN,1,0.021354461
2000,1,13204,MCO,1,0.011937315
2000,4,10397,ATL,1,0.015959842
1991,7,13930,ORD,1,0.014895275
2013,7,13930,ORD,1,0.013818415
2013,6,13204,MCO,1,0.013336072
2013,8,11292,DEN,1,0.014923079
2013,8,11298,DFW,1,0.0105836475
1991,9,10397,ATL,1,0.03177008
1991,8,11298,DFW,1,0.025453288
1991,8,11292,DEN,1,0.019557426
1991,6,13204,MCO,1,0.015383865
2000,2,11292,DEN,1,0.018688954
2013,9,10397,ATL,1,0.012745519
2000,3,10397,ATL,1,0.01726678
2000,2,11298,DFW,1,0.010914573
2004,12,13930,ORD,1,0.015724702
1991,6,13930,ORD,1,0.016743725
2013,6,13930,ORD,1,0.013550766
1991,12,10397,ATL,1,0.030440459
2013,9,13204,MCO,1,0.0073884237
2013,11,11292,DEN,1,0.010142422
2013,11,11298,DFW,1,0.009985936
2000,5,11298,DFW,1,0.010628713
2000,5,11292,DEN,1,0.023531638
2000,3,13204,MCO,1,0.012940452
2013,12,10397,ATL,1,0.019384287
2000,6,10397,ATL,1,0.017662128
2013,9,13930,ORD,1,0.008817605
1991,9,13930,ORD,1,0.016262565
2013,10,13204,MCO,1,0.009152365
2013,12,11292,DEN,1,0.016031314
2013,12,11298,DFW,1,0.013026443
1991,12,11292,DEN,1,0.020822376
1991,12,11298,DFW,1,0.021002397
1991,10,13204,MCO,1,0.018756628
2000,3,13930,ORD,1,0.016474716
1991,11,10397,ATL,1,0.02783353
2013,11,10397,ATL,1,0.011810549
1991,10,11298,DFW,1,0.021978654
1991,10,11292,DEN,1,0.020044904
1991,8,13204,MCO,1,0.016305333
2000,1,13930,ORD,1,0.015357002
2000,2,13204,MCO,1,0.012508085
2013,8,13204,MCO,1,0.01212566
2013,10,11292,DEN,1,0.013072423
2013,10,11298,DFW,1,0.011599393
2000,5,10397,ATL,1,0.01732988
2000,4,11298,DFW,1,0.010832742
2000,4,11292,DEN,1,0.02197013
1991,8,13930,ORD,1,0.017702281
1991,11,11292,DEN,1,0.021227442
1991,11,11298,DFW,1,0.019969504
1991,9,13204,MCO,1,0.013612068
2013,8,13930,ORD,1,0.012127777
2000,2,13930,ORD,1,0.016128894
2000,7,11298,DFW,1,0.01516503
2000,7,11292,DEN,1,0.03038518
2000,5,13204,MCO,1,0.011058163
2000,8,10397,ATL,1,0.016112715
2009,1,11292,DEN,1,0.012550222
2009,1,11298,DFW,1,0.011271761
2009,2,10397,ATL,1,0.01208564
1991,11,13930,ORD,1,0.022061149
2013,11,13930,ORD,1,0.011367239
1991,12,13204,MCO,1,0.016611792
2000,5,13930,ORD,1,0.01749286
2000,6,13204,MCO,1,0.014161637
2013,12,13204,MCO,1,0.015811685
2000,4,13204,MCO,1,0.015433433
2000,7,10397,ATL,1,0.017242797
2000,6,11298,DFW,1,0.016838774
2000,6,11292,DEN,1,0.028556157
2009,1,10397,ATL,1,0.016668446
1991,10,13930,ORD,1,0.019538997
2013,10,13930,ORD,1,0.012273166
1991,11,13204,MCO,1,0.018824171
2013,11,13204,MCO,1,0.008824169
2000,4,13930,ORD,1,0.016764466
2009,1,13204,MCO,1,0.010199599
2009,3,11292,DEN,1,0.009797979
2009,3,11298,DFW,1,0.01084524
2009,4,10397,ATL,1,0.015906766
2000,10,10397,ATL,1,0.013167834
2000,7,13930,ORD,1,0.020139635
2000,8,13204,MCO,1,0.013638644
2000,11,10397,ATL,1,0.019078419
2009,1,13930,ORD,1,0.013526398
2000,10,11298,DFW,1,0.016892578
2000,10,11292,DEN,1,0.01979211
2000,9,10397,ATL,1,0.016517116
2009,2,11292,DEN,1,0.008658696
2009,2,11298,DFW,1,0.0087744985
2000,8,11298,DFW,1,0.015398975
2000,8,11292,DEN,1,0.030159624
1991,12,13930,ORD,1,0.022282675
2009,3,10397,ATL,1,0.016064472
2013,12,13930,ORD,1,0.015128176
2000,6,13930,ORD,1,0.018474508
2000,9,11298,DFW,1,0.010155898
2000,9,11292,DEN,1,0.016799215
2000,7,13204,MCO,1,0.014489083
2009,3,13204,MCO,1,0.009500652
2009,5,11292,DEN,1,0.011616608
2009,5,11298,DFW,1,0.012919568
2009,6,10397,ATL,1,0.014171614
2009,3,13930,ORD,1,0.007958551
2000,9,13930,ORD,1,0.011247489
2000,10,13204,MCO,1,0.011082136
2009,4,13204,MCO,1,0.010471008
2009,6,11292,DEN,1,0.013426529
2009,6,11298,DFW,1,0.013462236
2000,12,11298,DFW,1,0.01507179
2000,12,11292,DEN,1,0.019483203
2009,5,10397,ATL,1,0.020513592
2009,2,13204,MCO,1,0.0074407468
2009,4,11292,DEN,1,0.011496096
2009,4,11298,DFW,1,0.011946478
2000,8,13930,ORD,1,0.020023922
2000,11,11298,DFW,1,0.015430859
2000,11,11292,DEN,1,0.018567266
2000,9,13204,MCO,1,0.014471802
2009,2,13930,ORD,1,0.009308084
2000,12,10397,ATL,1,0.02134468
1996,1,11292,DEN,1,0.017959997
1996,1,11298,DFW,1,0.020158593
1996,2,10397,ATL,1,0.030010333
2000,11,13930,ORD,1,0.014576374
2009,5,13930,ORD,1,0.010825957
2000,12,13204,MCO,1,0.017968858
2009,9,10397,ATL,1,0.015266342
2009,6,13204,MCO,1,0.009029718
2009,8,11292,DEN,1,0.010560119
2009,8,11298,DFW,1,0.011139216
2009,7,10397,ATL,1,0.014272326
1996,1,10397,ATL,1,0.03277183
2000,10,13930,ORD,1,0.011942786
2009,4,13930,ORD,1,0.011649235
2000,11,13204,MCO,1,0.015629845
2009,5,13204,MCO,1,0.009736477
2009,7,11292,DEN,1,0.012232345
2009,7,11298,DFW,1,0.011253912
2009,8,10397,ATL,1,0.013854763
1996,4,10397,ATL,1,0.0244257
2009,7,13930,ORD,1,0.013474936
2009,8,13204,MCO,1,0.010106962
2009,10,11292,DEN,1,0.01206767
2009,10,11298,DFW,1,0.016772943
1996,1,13930,ORD,1,0.027649917
1996,2,13204,MCO,1,0.015811017
2009,11,10397,ATL,1,0.011748431
1996,5,10397,ATL,1,0.02686261
1996,4,11298,DFW,1,0.014100309
1996,4,11292,DEN,1,0.011158769
1996,3,10397,ATL,1,0.031203432
1996,2,11298,DFW,1,0.014859703
1996,2,11292,DEN,1,0.016138887
2000,12,13930,ORD,1,0.019135766
2009,6,13930,ORD,1,0.014669598
2009,7,13204,MCO,1,0.011911965
2009,9,11292,DEN,1,0.011450286
2009,9,11298,DFW,1,0.012687933
1996,3,11298,DFW,1,0.013926359
1996,3,11292,DEN,1,0.014957186
1996,1,13204,MCO,1,0.020166015
2009,10,10397,ATL,1,0.016987002
2009,9,13930,ORD,1,0.0107323555
1987,12,11292,DEN,1,0.022153364
1987,12,11298,DFW,1,0.025283167
1996,3,13930,ORD,1,0.015839184
1996,4,13204,MCO,1,0.01640099
2009,10,13204,MCO,1,0.009219015
2009,12,11292,DEN,1,0.010860095
2009,12,11298,DFW,1,0.014418689
1996,7,10397,ATL,1,0.020975992
1996,6,11298,DFW,1,0.019037863
1996,6,11292,DEN,1,0.020440483
2009,8,13930,ORD,1,0.013755483
2009,9,13204,MCO,1,0.007229032
2009,11,11292,DEN,1,0.006859301
2009,11,11298,DFW,1,0.0085229585
1996,2,13930,ORD,1,0.017811347
2009,12,10397,ATL,1,0.017732127
1987,12,10397,ATL,1,0.037103463
1996,5,11298,DFW,1,0.01618643
1996,5,11292,DEN,1,0.016296076
1996,3,13204,MCO,1,0.019137625
1996,6,10397,ATL,1,0.022984976
2009,11,13930,ORD,1,0.0077659697
2009,12,13204,MCO,1,0.014753384
1987,12,13204,MCO,1,0.043947633
1996,5,13930,ORD,1,0.017169764
1996,6,13204,MCO,1,0.01875524
1996,9,10397,ATL,1,0.020917673
1996,8,11292,DEN,1,0.022954203
1996,8,11298,DFW,1,0.02329522
2005,2,11298,DFW,1,0.012224721
2005,2,11292,DEN,1,0.013024024
2005,3,10397,ATL,1,0.011938446
2005,1,10397,ATL,1,0.016409768
1996,4,13930,ORD,1,0.014832799
2009,10,13930,ORD,1,0.014166468
2009,11,13204,MCO,1,0.007247103
1996,7,11298,DFW,1,0.022161903
1996,7,11292,DEN,1,0.0200557
1996,5,13204,MCO,1,0.015409118
1996,8,10397,ATL,1,0.025982682
2005,2,10397,ATL,1,0.013962655
2005,1,11298,DFW,1,0.014094598
2005,1,11292,DEN,1,0.01580706
1996,7,13930,ORD,1,0.01757719
2005,1,13930,ORD,1,0.0145824365
1996,11,10397,ATL,1,0.022639375
1996,10,11298,DFW,1,0.020190053
1996,10,11292,DEN,1,0.020261329
1996,8,13204,MCO,1,0.017909136
2005,4,11298,DFW,1,0.0104512265
2005,4,11292,DEN,1,0.009474465
2005,2,13204,MCO,1,0.011676863
2005,5,10397,ATL,1,0.011350524
2009,12,13930,ORD,1,0.012840727
1987,12,13930,ORD,1,0.031721324
1996,6,13930,ORD,1,0.019916944
1996,9,11292,DEN,1,0.01871461
1996,9,11298,DFW,1,0.017362969
1996,7,13204,MCO,1,0.01848539
1996,10,10397,ATL,1,0.02329027
2005,4,10397,ATL,1,0.009898545
2005,3,11298,DFW,1,0.011632026
2005,3,11292,DEN,1,0.013416288
2005,1,13204,MCO,1,0.0132666025
1996,9,13930,ORD,1,0.016261296
2005,3,13930,ORD,1,0.013569434
1996,12,11298,DFW,1,0.017627068
1996,12,11292,DEN,1,0.02003756
1996,10,13204,MCO,1,0.016813327
2005,6,11298,DFW,1,0.013405851
2005,6,11292,DEN,1,0.013107137
2005,4,13204,MCO,1,0.010930727
2005,7,10397,ATL,1,0.019261716
1992,1,10397,ATL,1,0.027894478
2014,1,10397,ATL,1,0.014825786
1996,8,13930,ORD,1,0.019522527
1996,11,11298,DFW,1,0.013519118
1996,11,11292,DEN,1,0.013585893
1996,9,13204,MCO,1,0.01690111
2005,2,13930,ORD,1,0.012545003
1996,12,10397,ATL,1,0.027925603
2005,6,10397,ATL,1,0.018296858
2005,5,11298,DFW,1,0.011119369
2005,5,11292,DEN,1,0.011448193
2005,3,13204,MCO,1,0.016207272
1996,11,13930,ORD,1,0.012533557
2005,5,13930,ORD,1,0.010735921
1996,12,13204,MCO,1,0.019046573
2005,8,11298,DFW,1,0.013895181
2005,8,11292,DEN,1,0.012123763
2005,6,13204,MCO,1,0.014018411
2014,2,11292,DEN,1,0.012372818
2014,2,11298,DFW,1,0.010544411
2005,9,10397,ATL,1,0.013511675
2014,3,10397,ATL,1,0.014935773
1992,3,10397,ATL,1,0.027101401
1992,2,11298,DFW,1,0.020217974
1992,2,11292,DEN,1,0.017297009
1996,12,13930,ORD,1,0.019602785
1996,10,13930,ORD,1,0.017113226
1996,11,13204,MCO,1,0.016461955
2005,4,13930,ORD,1,0.0105882995
2005,8,10397,ATL,1,0.018020187
2005,7,11298,DFW,1,0.016609611
2005,7,11292,DEN,1,0.014899924
2005,5,13204,MCO,1,0.010994919
2014,1,11292,DEN,1,0.016103117
2014,1,11298,DFW,1,0.010318345
1992,1,11298,DFW,1,0.02218888
1992,1,11292,DEN,1,0.021253224
1992,2,10397,ATL,1,0.029491708
2014,2,10397,ATL,1,0.012866296
2005,7,13930,ORD,1,0.013486725
2005,10,11298,DFW,1,0.010882605
2005,10,11292,DEN,1,0.012864852
2005,8,13204,MCO,1,0.0122095635
1992,1,13930,ORD,1,0.021627463
1992,2,13204,MCO,1,0.02280283
2014,1,13930,ORD,1,0.014412178
2005,11,10397,ATL,1,0.013083261
1992,5,10397,ATL,1,0.029556641
1992,4,11292,DEN,1,0.01865624
1992,4,11298,DFW,1,0.017629184
2014,2,13204,MCO,1,0.014179849
2014,4,11292,DEN,1,0.013405203
2014,4,11298,DFW,1,0.011736634
2014,5,10397,ATL,1,0.012224888
2005,6,13930,ORD,1,0.0134108355
2005,10,10397,ATL,1,0.013355065
2005,9,11298,DFW,1,0.010719604
2005,9,11292,DEN,1,0.009617718
2005,7,13204,MCO,1,0.013997267
2014,4,10397,ATL,1,0.013363342
1992,3,11298,DFW,1,0.019310236
1992,3,11292,DEN,1,0.02177573
1992,1,13204,MCO,1,0.016798925
2014,1,13204,MCO,1,0.015931992
1992,4,10397,ATL,1,0.028811544
2014,3,11292,DEN,1,0.012097187
2014,3,11298,DFW,1,0.012829462
2014,3,13930,ORD,1,0.015011291
2005,12,11298,DFW,1,0.014709055
2005,12,11292,DEN,1,0.017732581
2005,10,13204,MCO,1,0.014762171
1992,3,13930,ORD,1,0.02023447
2014,4,13204,MCO,1,0.010995207
2014,6,11292,DEN,1,0.0120350765
2014,6,11298,DFW,1,0.0132520525
2014,7,10397,ATL,1,0.011287602
1992,7,10397,ATL,1,0.036492135
1992,6,11298,DFW,1,0.021471923
1992,6,11292,DEN,1,0.024460338
1992,4,13204,MCO,1,0.01616758
2001,1,10397,ATL,1,0.016757064
2005,10,13930,ORD,1,0.010611782
2005,8,13930,ORD,1,0.01170301
2014,2,13930,ORD,1,0.013001382
1992,2,13930,ORD,1,0.020867003
2005,12,10397,ATL,1,0.017545247
2005,11,11298,DFW,1,0.010865423
2005,11,11292,DEN,1,0.011557736
2005,9,13204,MCO,1,0.010842172
2014,3,13204,MCO,1,0.011025206
2014,5,11292,DEN,1,0.014559634
2014,5,11298,DFW,1,0.011050953
1992,5,11292,DEN,1,0.02309728
1992,5,11298,DFW,1,0.021279955
1992,3,13204,MCO,1,0.014536727
1992,6,10397,ATL,1,0.030883932
2014,6,10397,ATL,1,0.014224246
2005,9,13930,ORD,1,0.010337625
2005,12,13204,MCO,1,0.017348038
1992,5,13930,ORD,1,0.018694093
2014,5,13930,ORD,1,0.01745084
1992,9,10397,ATL,1,0.031724583
1992,8,11298,DFW,1,0.027969936
1992,8,11292,DEN,1,0.022940047
1992,6,13204,MCO,1,0.02190322
2001,2,11298,DFW,1,0.014320609
2001,2,11292,DEN,1,0.01595736
2014,6,13204,MCO,1,0.00919588
2014,8,11292,DEN,1,0.012133524
2014,8,11298,DFW,1,0.012628597
2014,9,10397,ATL,1,0.015347208
2001,3,10397,ATL,1,0.01769401
2005,12,13930,ORD,1,0.016324885
1992,6,13930,ORD,1,0.020636654
2014,4,13930,ORD,1,0.015537714
1992,4,13930,ORD,1,0.019166706
2005,11,13204,MCO,1,0.01224677
1992,7,11298,DFW,1,0.024038529
1992,7,11292,DEN,1,0.022808783
2014,8,10397,ATL,1,0.01140144
1992,5,13204,MCO,1,0.017476862
2014,5,13204,MCO,1,0.01022143
1992,8,10397,ATL,1,0.032979906
2014,7,11292,DEN,1,0.013855997
2014,7,11298,DFW,1,0.012794068
2001,2,10397,ATL,1,0.017294383
2001,1,11298,DFW,1,0.013430438
2001,1,11292,DEN,1,0.015362134
2005,11,13930,ORD,1,0.012019198
2001,1,13930,ORD,1,0.014723763
2014,8,13204,MCO,1,0.011818969
2014,10,11292,DEN,1,0.010372744
2014,10,11298,DFW,1,0.013370689
2014,11,10397,ATL,1,0.011100908
1992,11,10397,ATL,1,0.02732283
1992,10,11298,DFW,1,0.017549865
1992,10,11292,DEN,1,0.01798407
1992,8,13204,MCO,1,0.024140954
2001,4,11298,DFW,1,0.010531516
2001,4,11292,DEN,1,0.010273517
2001,2,13204,MCO,1,0.014144918
2001,5,10397,ATL,1,0.016631609
2014,8,13930,ORD,1,0.017312318
1992,8,13930,ORD,1,0.020758817
2014,7,13204,MCO,1,0.012368907
2014,9,11292,DEN,1,0.009972791
2014,9,11298,DFW,1,0.013072581
2014,6,13930,ORD,1,0.01850093
1992,9,11298,DFW,1,0.021474283
1992,9,11292,DEN,1,0.016766496
1992,7,13204,MCO,1,0.01993874
1992,10,10397,ATL,1,0.026282102
2001,4,10397,ATL,1,0.013537094
2014,10,10397,ATL,1,0.012647201
2001,3,11298,DFW,1,0.013999698
2001,3,11292,DEN,1,0.015246611
2001,1,13204,MCO,1,0.01280648
2014,7,13930,ORD,1,0.014942974
1992,7,13930,ORD,1,0.021852542
1992,12,11292,DEN,1,0.02105249
1992,12,11298,DFW,1,0.022145065
1992,10,13204,MCO,1,0.015082158
2001,6,11298,DFW,1,0.012020004
2001,6,11292,DEN,1,0.012710461
2001,4,13204,MCO,1,0.00886393
2014,10,13204,MCO,1,0.0088023925
2014,12,11292,DEN,1,0.011797706
2014,12,11298,DFW,1,0.014905343
2001,7,10397,ATL,1,0.017357647
2010,1,10397,ATL,1,0.011126286
1988,1,10397,ATL,1,0.033250853
1992,10,13930,ORD,1,0.018491544
2014,11,13204,MCO,1,0.009827961
2014,10,13930,ORD,1,0.01994636
1992,11,13204,MCO,1,0.018007219
2001,4,13930,ORD,1,0.011693198
1992,11,11298,DFW,1,0.02155165
1992,11,11292,DEN,1,0.018480483
2014,12,10397,ATL,1,0.009907981
1992,9,13204,MCO,1,0.016713865
2001,2,13930,ORD,1,0.013878216
1992,12,10397,ATL,1,0.03390836
2014,9,13204,MCO,1,0.010444719
2014,11,11292,DEN,1,0.009661451
2014,11,11298,DFW,1,0.0118474215
2001,6,10397,ATL,1,0.0176871
2001,5,11298,DFW,1,0.010099307
2001,5,11292,DEN,1,0.012390799
2001,3,13204,MCO,1,0.017236836
1992,9,13930,ORD,1,0.01781965
2001,3,13930,ORD,1,0.013395915
2014,9,13930,ORD,1,0.01281395
2001,8,11298,DFW,1,0.014461411
2001,8,11292,DEN,1,0.0140027935
2001,6,13204,MCO,1,0.011662096
2001,9,10397,ATL,1,0.013168326
1988,3,10397,ATL,1,0.029796615
1988,2,11298,DFW,1,0.021781301
1988,2,11292,DEN,1,0.022529565
2010,2,11292,DEN,1,0.0099057155
2010,2,11298,DFW,1,0.0129011925
2010,3,10397,ATL,1,0.011525765
2014,12,13930,ORD,1,0.013413204
1992,12,13930,ORD,1,0.017447526
2001,6,13930,ORD,1,0.01327346
2001,8,10397,ATL,1,0.019582814
2001,7,11298,DFW,1,0.013206133
2001,7,11292,DEN,1,0.012705449
2001,5,13204,MCO,1,0.0101198815
2010,2,10397,ATL,1,0.011693412
1988,1,11298,DFW,1,0.023575101
1988,1,11292,DEN,1,0.021274835
2010,1,11292,DEN,1,0.008356718
2010,1,11298,DFW,1,0.010357407
1988,2,10397,ATL,1,0.030318629
2014,11,13930,ORD,1,0.0123094125
1992,11,13930,ORD,1,0.019287935
2001,5,13930,ORD,1,0.012765816
2014,12,13204,MCO,1,0.010528542
1992,12,13204,MCO,1,0.015617882
2010,2,13204,MCO,1,0.0112574855
2010,4,11292,DEN,1,0.008014921
2010,4,11298,DFW,1,0.01025348
2001,11,10397,ATL,1,0.013893167
2010,5,10397,ATL,1,0.01318504
1988,5,10397,ATL,1,0.019283392
1988,4,11298,DFW,1,0.015530834
1988,2,13204,MCO,1,0.053406317
1988,4,11292,DEN,1,0.017891664
2001,8,13930,ORD,1,0.012535716
2010,2,13930,ORD,1,0.013557004
1988,2,13930,ORD,1,0.031389996
2001,12,10397,ATL,1,0.017323008
2001,11,11298,DFW,1,0.013201306
2001,11,11292,DEN,1,0.023292532
2001,9,13204,MCO,1,0.00786215
2001,10,10397,ATL,1,0.010536198
2001,9,11298,DFW,1,0.012538689
2001,9,11292,DEN,1,0.010430251
2001,7,13204,MCO,1,0.0099184895
2010,1,13204,MCO,1,0.009907995
2010,3,11292,DEN,1,0.0106903985
2010,3,11298,DFW,1,0.010966435
1988,3,11298,DFW,1,0.024043502
1988,1,13204,MCO,1,0.045358118
1988,3,11292,DEN,1,0.023005735
1988,4,10397,ATL,1,0.020076172
2010,4,10397,ATL,1,0.009310957
2001,7,13930,ORD,1,0.012415246
2010,1,13930,ORD,1,0.014338046
2001,10,11298,DFW,1,0.011480969
2001,10,11292,DEN,1,0.013193452
2001,8,13204,MCO,1,0.009250499
1988,1,13930,ORD,1,0.030380001
1988,7,10397,ATL,1,0.030082272
1988,6,11298,DFW,1,0.019449834
1988,4,13204,MCO,1,0.025997577
1988,6,11292,DEN,1,0.017040376
2010,4,13204,MCO,1,0.008533383
2010,6,11292,DEN,1,0.009747898
2010,6,11298,DFW,1,0.013166797
2010,7,10397,ATL,1,0.014958513
1997,1,10397,ATL,1,0.028393941
2001,10,13930,ORD,1,0.01315479
1988,4,13930,ORD,1,0.02510837
2001,11,13204,MCO,1,0.009910784
2010,5,13204,MCO,1,0.007822864
2010,7,11292,DEN,1,0.009228388
2010,7,11298,DFW,1,0.0143637
2010,4,13930,ORD,1,0.009342377
1988,7,11298,DFW,1,0.017395299
1988,5,13204,MCO,1,0.03144807
1988,7,11292,DEN,1,0.01563421
1988,5,11298,DFW,1,0.015759781
1988,3,13204,MCO,1,0.046490867
2010,6,10397,ATL,1,0.015088496
1988,5,11292,DEN,1,0.017118575
2010,3,13204,MCO,1,0.010712984
2010,5,11292,DEN,1,0.008504099
1988,6,10397,ATL,1,0.027076272
2010,5,11298,DFW,1,0.012238653
2001,9,13930,ORD,1,0.012598478
2001,12,11298,DFW,1,0.013823373
2001,12,11292,DEN,1,0.02073244
2001,10,13204,MCO,1,0.009196836
1988,3,13930,ORD,1,0.027744483
2010,3,13930,ORD,1,0.0116252955
1997,2,11292,DEN,1,0.019725323
1997,2,11298,DFW,1,0.021889372
1997,3,10397,ATL,1,0.024575278
2001,12,13930,ORD,1,0.020105472
2010,6,13930,ORD,1,0.014769953
1988,6,13930,ORD,1,0.02736869
2010,9,11298,DFW,1,0.00797073
1988,9,11298,DFW,1,0.017256718
1988,9,11292,DEN,1,0.016026517
1988,7,13204,MCO,1,0.027032854
2010,10,10397,ATL,1,0.009254231
1988,10,10397,ATL,1,0.022159163
2010,7,13204,MCO,1,0.0100699235
2010,9,11292,DEN,1,0.0062997076
1988,8,10397,ATL,1,0.028087944
1997,2,10397,ATL,1,0.024304884
2010,8,10397,ATL,1,0.012749063
1997,1,11292,DEN,1,0.022056438
1997,1,11298,DFW,1,0.027594483
2001,11,13930,ORD,1,0.02020154
2010,5,13930,ORD,1,0.01265163
2001,12,13204,MCO,1,0.0112181315
1988,5,13930,ORD,1,0.022055257
2010,6,13204,MCO,1,0.008590494
2010,8,11292,DEN,1,0.007136024
2010,8,11298,DFW,1,0.011820467
2010,9,10397,ATL,1,0.009866639
1988,9,10397,ATL,1,0.027737172
1988,8,11298,DFW,1,0.018066574
1988,8,11292,DEN,1,0.013725144
1988,6,13204,MCO,1,0.02872906
1997,5,10397,ATL,1,0.025248203
1988,8,13930,ORD,1,0.021909315
2010,9,13204,MCO,1,0.008365121
2010,11,11292,DEN,1,0.010716617
2010,8,13930,ORD,1,0.011006158
1988,11,11292,DEN,1,0.018156216
1988,11,11298,DFW,1,0.018598432
1988,9,13204,MCO,1,0.025638958
1997,2,13930,ORD,1,0.016565816
1988,12,10397,ATL,1,0.025607906
2010,11,11298,DFW,1,0.00836845
1997,6,10397,ATL,1,0.031856477
2010,12,10397,ATL,1,0.012761954
1997,5,11298,DFW,1,0.014630033
1997,5,11292,DEN,1,0.02009129
1997,3,13204,MCO,1,0.016393369
1997,4,10397,ATL,1,0.023833212
1997,3,11298,DFW,1,0.0199412
1997,3,11292,DEN,1,0.017416451
1997,1,13204,MCO,1,0.019900888
1988,7,13930,ORD,1,0.02321823
1997,1,13930,ORD,1,0.026287368
2010,7,13930,ORD,1,0.013122422
1988,11,10397,ATL,1,0.028758915
1988,10,11292,DEN,1,0.020777194
1988,10,11298,DFW,1,0.01886103
1988,8,13204,MCO,1,0.03275322
1997,4,11298,DFW,1,0.016906824
1997,4,11292,DEN,1,0.0157736
1997,2,13204,MCO,1,0.020132486
2010,8,13204,MCO,1,0.010012867
2010,10,11292,DEN,1,0.009749015
2010,10,11298,DFW,1,0.008564208
2010,11,10397,ATL,1,0.010822221
2006,1,10397,ATL,1,0.0139625985
2010,10,13930,ORD,1,0.008800566
1988,10,13930,ORD,1,0.029428128
1988,11,13204,MCO,1,0.03314471
1997,4,13930,ORD,1,0.013118462
2010,11,13204,MCO,1,0.009922432
1997,8,10397,ATL,1,0.026296325
1997,7,11298,DFW,1,0.015845666
1997,7,11292,DEN,1,0.024644135
1997,5,13204,MCO,1,0.014595516
2006,1,11298,DFW,1,0.012027016
2006,1,11292,DEN,1,0.012309151
2010,9,13930,ORD,1,0.008750167
1988,9,13930,ORD,1,0.020423148
1997,3,13930,ORD,1,0.014851496
2010,10,13204,MCO,1,0.01143576
2010,12,11292,DEN,1,0.009408285
2010,12,11298,DFW,1,0.007800353
1988,12,11292,DEN,1,0.023749175
1988,12,11298,DFW,1,0.02374211
1988,10,13204,MCO,1,0.028131172
1997,6,11298,DFW,1,0.015999999
1997,6,11292,DEN,1,0.023619818
1997,4,13204,MCO,1,0.016719868
1997,7,10397,ATL,1,0.03210081
1988,12,13930,ORD,1,0.03335509
2010,12,13930,ORD,1,0.012552233
1997,6,13930,ORD,1,0.020053597
1997,10,10397,ATL,1,0.028007649
1997,9,11292,DEN,1,0.017745513
1997,9,11298,DFW,1,0.011676606
1997,7,13204,MCO,1,0.014583083
2006,3,11298,DFW,1,0.013129458
2006,3,11292,DEN,1,0.013402016
2006,1,13204,MCO,1,0.011558375
2006,4,10397,ATL,1,0.01430592
2006,2,10397,ATL,1,0.015715696
1988,11,13930,ORD,1,0.02753679
1997,5,13930,ORD,1,0.015002619
2010,11,13930,ORD,1,0.0086346865
1988,12,13204,MCO,1,0.031478245
1997,8,11298,DFW,1,0.013996235
1997,8,11292,DEN,1,0.024975983
1997,6,13204,MCO,1,0.014533733
2010,12,13204,MCO,1,0.011326364
1997,9,10397,ATL,1,0.02722507
2006,3,10397,ATL,1,0.013464037
2006,2,11298,DFW,1,0.013014411
2006,2,11292,DEN,1,0.012272551
1997,8,13930,ORD,1,0.018100463
1997,12,10397,ATL,1,0.027241407
1997,11,11298,DFW,1,0.013688345
1997,11,11292,DEN,1,0.016094267
1997,9,13204,MCO,1,0.01195196
2006,2,13930,ORD,1,0.011074742
2006,5,11292,DEN,1,0.0153208915
2006,3,13204,MCO,1,0.008048631
2006,6,10397,ATL,1,0.014579166
2006,5,11298,DFW,1,0.01203476
1997,7,13930,ORD,1,0.019394932
1997,10,11292,DEN,1,0.02053432
1997,10,11298,DFW,1,0.014545375
1997,8,13204,MCO,1,0.013603969
2006,1,13930,ORD,1,0.010204769
1997,11,10397,ATL,1,0.023377366
2006,5,10397,ATL,1,0.015458435
2006,4,11298,DFW,1,0.012047595
2006,4,11292,DEN,1,0.012576607
2006,2,13204,MCO,1,0.012816183
1997,10,13930,ORD,1,0.017226547
1997,11,13204,MCO,1,0.016734447
2006,4,13930,ORD,1,0.013208812
2006,7,11292,DEN,1,0.015571854
2006,5,13204,MCO,1,0.010765937
2006,8,10397,ATL,1,0.015308955
2006,7,11298,DFW,1,0.012810754
2015,2,10397,ATL,1,0.011441638
1993,2,10397,ATL,1,0.034657832
1993,1,11298,DFW,1,0.019481763
1993,1,11292,DEN,1,0.01828723
2015,1,11292,DEN,1,0.014143107
2015,1,11298,DFW,1,0.0126126595
1997,9,13930,ORD,1,0.01452569
1997,12,11298,DFW,1,0.02368038
1997,12,11292,DEN,1,0.024078177
1997,10,13204,MCO,1,0.014926077
2006,3,13930,ORD,1,0.012727459
2006,7,10397,ATL,1,0.015804296
2006,6,11298,DFW,1,0.012218101
2006,6,11292,DEN,1,0.014002677
2006,4,13204,MCO,1,0.009335896
2015,1,10397,ATL,1,0.010295518
1993,1,10397,ATL,1,0.036976527
1997,12,13930,ORD,1,0.020757562
2006,6,13930,ORD,1,0.015106758
2006,9,11292,DEN,1,0.013777844
2006,7,13204,MCO,1,0.012243701
2006,10,10397,ATL,1,0.021309886
2015,1,13204,MCO,1,0.00988721
2015,3,11292,DEN,1,0.010615541
2015,3,11298,DFW,1,0.012558498
2006,9,11298,DFW,1,0.012129259
1993,4,10397,ATL,1,0.032564767
1993,3,11298,DFW,1,0.022418056
1993,3,11292,DEN,1,0.020678736
1993,1,13204,MCO,1,0.019797748
2015,4,10397,ATL,1,0.010946373
1997,11,13930,ORD,1,0.014687383
1997,12,13204,MCO,1,0.017208036
2006,5,13930,ORD,1,0.014437095
2006,8,11298,DFW,1,0.012188912
2006,8,11292,DEN,1,0.012305482
2006,6,13204,MCO,1,0.014414807
1993,2,11298,DFW,1,0.019514164
1993,2,11292,DEN,1,0.01792273
2006,9,10397,ATL,1,0.017581252
1993,3,10397,ATL,1,0.041293357
2015,2,11292,DEN,1,0.012617373
2015,2,11298,DFW,1,0.010233865
2015,3,10397,ATL,1,0.013156335
2006,8,13930,ORD,1,0.014222748
2006,9,13204,MCO,1,0.010810729
1993,2,13930,ORD,1,0.019129794
2006,12,10397,ATL,1,0.013445402
2015,2,13930,ORD,1,0.017510317
2006,11,11298,DFW,1,0.010882737
2006,11,11292,DEN,1,0.014761272
1993,6,10397,ATL,1,0.029770998
2015,6,10397,ATL,1,0.012010965
1993,5,11292,DEN,1,0.015880115
1993,5,11298,DFW,1,0.023125025
1993,3,13204,MCO,1,0.019750178
2015,3,13204,MCO,1,0.009647976
2015,5,11292,DEN,1,0.01221281
2015,5,11298,DFW,1,0.013441372
2006,7,13930,ORD,1,0.015507034
1993,1,13930,ORD,1,0.019030169
2015,1,13930,ORD,1,0.015348675
2006,10,11298,DFW,1,0.013759769
2006,10,11292,DEN,1,0.014782944
2006,8,13204,MCO,1,0.010923647
2015,2,13204,MCO,1,0.011211034
2015,4,11292,DEN,1,0.010861386
1993,4,11298,DFW,1,0.019625565
2015,4,11298,DFW,1,0.0109850345
1993,4,11292,DEN,1,0.014039668
1993,2,13204,MCO,1,0.015434726
2015,5,10397,ATL,1,0.009651802
2006,11,10397,ATL,1,0.01635953
1993,5,10397,ATL,1,0.03540923
2015,4,13930,ORD,1,0.0099707125
2006,10,13930,ORD,1,0.015413046
2006,11,13204,MCO,1,0.011760714
1993,4,13930,ORD,1,0.02124165
2015,5,13204,MCO,1,0.007239804
2015,7,11292,DEN,1,0.01104117
2015,7,11298,DFW,1,0.008725753
1993,8,10397,ATL,1,0.03318153
1993,7,11298,DFW,1,0.02102976
1993,7,11292,DEN,1,0.02093423
1993,5,13204,MCO,1,0.013344661
2002,1,11292,DEN,1,0.016890777
2015,8,10397,ATL,1,0.009472982
2002,2,10397,ATL,1,0.015161446
2002,1,11298,DFW,1,0.013008909
2006,11,13930,ORD,1,0.01254891
2006,9,13930,ORD,1,0.015046234
1993,3,13930,ORD,1,0.023798287
2006,12,11298,DFW,1,0.0143366195
2006,12,11292,DEN,1,0.017564815
2006,10,13204,MCO,1,0.009983452
1993,6,11292,DEN,1,0.019786615
1993,6,11298,DFW,1,0.024071602
2015,3,13930,ORD,1,0.011286316
1993,4,13204,MCO,1,0.014907192
1993,7,10397,ATL,1,0.029800707
2002,1,10397,ATL,1,0.01869203
2015,4,13204,MCO,1,0.008583016
2015,6,11292,DEN,1,0.013276631
2015,6,11298,DFW,1,0.008910368
2015,7,10397,ATL,1,0.01028287
1993,6,13930,ORD,1,0.019839985
2015,6,13930,ORD,1,0.012450893
1993,10,10397,ATL,1,0.029698346
2015,10,10397,ATL,1,0.008792905
1993,9,11298,DFW,1,0.01680656
1993,9,11292,DEN,1,0.020447047
1993,7,13204,MCO,1,0.011186106
2002,3,11292,DEN,1,0.013299006
2002,1,13204,MCO,1,0.011976514
2015,7,13204,MCO,1,0.010135489
2015,9,11292,DEN,1,0.0076687657
2015,9,11298,DFW,1,0.0051263324
2002,4,10397,ATL,1,0.018294219
2002,3,11298,DFW,1,0.010869751
1993,7,13930,ORD,1,0.01686539
1993,5,13930,ORD,1,0.020076785
2015,5,13930,ORD,1,0.009340159
2006,12,13204,MCO,1,0.013285177
1993,8,11298,DFW,1,0.02300255
2015,6,13204,MCO,1,0.009821907
1993,8,11292,DEN,1,0.021046558
2015,8,11292,DEN,1,0.011081312
1993,6,13204,MCO,1,0.011428507
2015,8,11298,DFW,1,0.0071837963
2015,9,10397,ATL,1,0.008628563
1993,9,10397,ATL,1,0.028489972
2002,3,10397,ATL,1,0.021464048
2002,2,11298,DFW,1,0.008579622
2002,2,11292,DEN,1,0.013406991
2006,12,13930,ORD,1,0.0151029555
2015,9,13204,MCO,1,0.009362465
1993,12,10397,ATL,1,0.029088574
1993,11,11298,DFW,1,0.019491142
1993,11,11292,DEN,1,0.016083112
1993,9,13204,MCO,1,0.012084965
2002,2,13930,ORD,1,0.015346831
2002,5,11292,DEN,1,0.010526951
2002,3,13204,MCO,1,0.011621477
2002,6,10397,ATL,1,0.01652741
2002,5,11298,DFW,1,0.010426182
1993,9,13930,ORD,1,0.016874444
2015,9,13930,ORD,1,0.008390206
1993,10,11298,DFW,1,0.021162879
1993,10,11292,DEN,1,0.02064834
1993,8,13204,MCO,1,0.01075804
2015,7,13930,ORD,1,0.00984662
2002,1,13930,ORD,1,0.017265758
1993,11,10397,ATL,1,0.027641255
2015,8,13204,MCO,1,0.00996856
2015,10,11292,DEN,1,0.010286674
2015,10,11298,DFW,1,0.007315349
2002,4,11298,DFW,1,0.009781191
2002,4,11292,DEN,1,0.01014699
2002,2,13204,MCO,1,0.012288889
2002,5,10397,ATL,1,0.021426653
2015,8,13930,ORD,1,0.008268439
1993,8,13930,ORD,1,0.01758604
1993,11,13204,MCO,1,0.017588537
2002,4,13930,ORD,1,0.011610055
2002,5,13204,MCO,1,0.010308834
2002,8,10397,ATL,1,0.0150671955
2011,1,11292,DEN,1,0.011727232
2011,1,11298,DFW,1,0.0082894545
2002,7,11298,DFW,1,0.01201767
2002,7,11292,DEN,1,0.011600317
1989,2,10397,ATL,1,0.026322499
1989,1,11298,DFW,1,0.023502303
1989,1,11292,DEN,1,0.020049019
1993,11,13930,ORD,1,0.017950157
2011,2,10397,ATL,1,0.013144315
1993,12,13204,MCO,1,0.0128514115
2002,5,13930,ORD,1,0.010209688
1993,12,11298,DFW,1,0.017663965
2015,10,13204,MCO,1,0.0072856084
1993,12,11292,DEN,1,0.019632809
1993,10,13204,MCO,1,0.017659977
2002,3,13930,ORD,1,0.01600138
2002,6,11298,DFW,1,0.009750227
2002,6,11292,DEN,1,0.012004353
2002,4,13204,MCO,1,0.00906158
2002,7,10397,ATL,1,0.017238988
1989,1,10397,ATL,1,0.02596026
2011,1,10397,ATL,1,0.012832845
1993,10,13930,ORD,1,0.017050624
2015,10,13930,ORD,1,0.009449482
2002,7,13204,MCO,1,0.010888833
2002,10,10397,ATL,1,0.01836702
2002,9,11298,DFW,1,0.006708115
2002,9,11292,DEN,1,0.007373078
2011,4,10397,ATL,1,0.014825076
1989,4,10397,ATL,1,0.028738262
1989,3,11298,DFW,1,0.025712702
1989,1,13204,MCO,1,0.025404481
1989,3,11292,DEN,1,0.019609712
2011,1,13204,MCO,1,0.011205362
2011,3,11292,DEN,1,0.009022918
2011,3,11298,DFW,1,0.0088430615
2002,7,13930,ORD,1,0.011126724
1989,1,13930,ORD,1,0.027895266
2002,8,11298,DFW,1,0.008607175
2002,8,11292,DEN,1,0.008767731
2002,6,13204,MCO,1,0.014199783
2011,2,11292,DEN,1,0.010603219
1989,2,11298,DFW,1,0.026586141
2011,2,11298,DFW,1,0.0119921975
1989,2,11292,DEN,1,0.024710849
2011,3,10397,ATL,1,0.014465309
2002,9,10397,ATL,1,0.016504886
1989,3,10397,ATL,1,0.028645642
1993,12,13930,ORD,1,0.020939242
2002,6,13930,ORD,1,0.011648454
2002,12,10397,ATL,1,0.017789938
2011,3,13204,MCO,1,0.009973537
2011,5,11292,DEN,1,0.011024294
2011,5,11298,DFW,1,0.009514951
2002,11,11298,DFW,1,0.008998761
2002,11,11292,DEN,1,0.0095463665
1989,6,10397,ATL,1,0.038927566
1989,5,11298,DFW,1,0.019224402
1989,3,13204,MCO,1,0.03351616
1989,5,11292,DEN,1,0.019720377
2011,6,10397,ATL,1,0.016704276
2002,9,13930,ORD,1,0.008067387
1989,3,13930,ORD,1,0.029256789
2011,3,13930,ORD,1,0.0094087
2002,12,11298,DFW,1,0.010783444
2002,12,11292,DEN,1,0.011665106
2002,10,13204,MCO,1,0.01070182
2002,10,11298,DFW,1,0.012773804
2002,10,11292,DEN,1,0.00917012
2002,8,13204,MCO,1,0.010351603
1989,4,11298,DFW,1,0.017314376
1989,2,13204,MCO,1,0.027396854
1989,4,11292,DEN,1,0.018484972
2011,1,13930,ORD,1,0.012547875
2002,11,10397,ATL,1,0.01563301
1989,5,10397,ATL,1,0.028402748
2011,2,13204,MCO,1,0.010740216
2011,4,11292,DEN,1,0.008450691
2011,4,11298,DFW,1,0.010246201
2011,5,10397,ATL,1,0.013772251
2011,2,13930,ORD,1,0.011963994
2002,8,13930,ORD,1,0.009533882
2002,9,13204,MCO,1,0.0066451035
1989,2,13930,ORD,1,0.031279027
1989,8,10397,ATL,1,0.037289374
2011,8,10397,ATL,1,0.013062565
1989,7,11298,DFW,1,0.025043298
1989,5,13204,MCO,1,0.021782883
1989,7,11292,DEN,1,0.021830168
1998,1,11292,DEN,1,0.017028961
2011,5,13204,MCO,1,0.009108172
2011,7,11292,DEN,1,0.010494323
2011,7,11298,DFW,1,0.009563147
1998,2,10397,ATL,1,0.023176413
1998,1,11298,DFW,1,0.019687252
2002,11,13930,ORD,1,0.011493106
1989,5,13930,ORD,1,0.025737075
2002,12,13204,MCO,1,0.013408161
1989,8,11298,DFW,1,0.021848915
1989,6,13204,MCO,1,0.027934227
1989,8,11292,DEN,1,0.023308415
2011,5,13930,ORD,1,0.014772765
1989,6,11298,DFW,1,0.023906365
2011,4,13204,MCO,1,0.009728902
1989,4,13204,MCO,1,0.023701126
2011,6,11292,DEN,1,0.009129197
1989,6,11292,DEN,1,0.023764811
2011,6,11298,DFW,1,0.008586316
2011,7,10397,ATL,1,0.016804652
1989,7,10397,ATL,1,0.04078841
1998,1,10397,ATL,1,0.026062248
2002,10,13930,ORD,1,0.009818781
2002,11,13204,MCO,1,0.011209212
1989,4,13930,ORD,1,0.023582302
2011,4,13930,ORD,1,0.0141527895
