2002,6,20355,US,2,0.012101189
2002,7,19393,WN,2,0.016842544
1989,1,19393,WN,2,0.03547044
2011,1,19393,WN,2,0.017345324
2002,7,19805,AA,2,0.009628653
2002,7,19790,DL,2,0.017883731
1989,1,19790,DL,2,0.038877487
2011,1,19977,UA,2,0.0064940588
1989,1,19805,AA,2,0.021915609
2002,7,19977,UA,2,0.01130494
2011,1,19790,DL,2,0.011754651
2011,1,19805,AA,2,0.007837546
1989,1,19977,UA,2,0.023113303
1993,12,19393,WN,2,0.025117677
1993,11,20355,US,2,0.02371435
2002,6,19393,WN,2,0.017219381
2002,5,20355,US,2,0.013086495
1993,12,19805,AA,2,0.015829075
1993,12,19790,DL,2,0.03777383
1993,12,19977,UA,2,0.022874137
2002,6,19805,AA,2,0.010388119
2002,6,19790,DL,2,0.01729458
2002,6,19977,UA,2,0.0113836685
1993,12,20355,US,2,0.024644444
2002,8,20355,US,2,0.011517953
2002,9,19393,WN,2,0.010394291
1989,3,19393,WN,2,0.035827875
1989,2,20355,US,2,0.041619547
2011,3,19393,WN,2,0.012772286
2011,2,20355,US,2,0.011618578
2002,9,19805,AA,2,0.007091681
2002,9,19790,DL,2,0.01072615
1989,3,19790,DL,2,0.04078405
2011,3,19790,DL,2,0.011918345
2011,3,19805,AA,2,0.008474012
2002,9,19977,UA,2,0.0076964535
1989,3,19805,AA,2,0.02703493
1989,3,19977,UA,2,0.0267383
2011,3,19977,UA,2,0.00545028
2002,8,19393,WN,2,0.014379299
2002,7,20355,US,2,0.0120542655
1989,2,19393,WN,2,0.04169175
1989,1,20355,US,2,0.03542625
2011,2,19393,WN,2,0.015954815
2011,1,20355,US,2,0.011325029
2002,8,19805,AA,2,0.00805878
2011,2,19790,DL,2,0.011247016
2002,8,19790,DL,2,0.0152242435
2011,2,19805,AA,2,0.009547959
2002,8,19977,UA,2,0.010027611
1989,2,19805,AA,2,0.026313104
1989,2,19790,DL,2,0.042172693
1989,2,19977,UA,2,0.025810504
2011,2,19977,UA,2,0.0072427667
1989,5,19393,WN,2,0.03362676
1989,4,20355,US,2,0.034060832
2011,5,19393,WN,2,0.014577722
2011,4,20355,US,2,0.011881319
2002,11,19805,AA,2,0.009112482
2002,11,19790,DL,2,0.014850339
1989,5,19790,DL,2,0.038985908
2011,5,19977,UA,2,0.008062329
2002,11,19977,UA,2,0.008978318
1989,5,19805,AA,2,0.019755252
2011,5,19790,DL,2,0.011106091
2011,5,19805,AA,2,0.009812477
1989,5,19977,UA,2,0.02486068
2002,12,19393,WN,2,0.01688559
2002,11,20355,US,2,0.009346892
2011,3,20355,US,2,0.010758979
2011,4,19393,WN,2,0.0123321
2002,10,19393,WN,2,0.014873956
2002,9,20355,US,2,0.007497736
1989,3,20355,US,2,0.04046755
1989,4,19393,WN,2,0.031154733
2002,10,19805,AA,2,0.00816492
2002,10,19790,DL,2,0.0136251105
2002,10,19977,UA,2,0.009089043
1989,4,19805,AA,2,0.019669887
1989,4,19790,DL,2,0.03629119
1989,4,19977,UA,2,0.018679062
2011,4,19790,DL,2,0.011603152
2011,4,19805,AA,2,0.010126884
2011,4,19977,UA,2,0.00622844
2002,10,20355,US,2,0.011942409
2002,11,19393,WN,2,0.01413864
2011,7,19393,WN,2,0.01140397
2011,6,20355,US,2,0.0129963085
1998,1,19393,WN,2,0.022802182
1989,7,19790,DL,2,0.042448655
2011,7,19790,DL,2,0.010824509
2011,7,19805,AA,2,0.010003982
1989,7,19805,AA,2,0.017726513
1998,1,19790,DL,2,0.024636617
1989,7,19977,UA,2,0.030810334
2011,7,19977,UA,2,0.007754535
2011,7,20355,US,2,0.011717419
2011,8,19393,WN,2,0.010684075
1998,1,19977,UA,2,0.019200843
1989,8,19393,WN,2,0.025656937
1989,7,20355,US,2,0.04637204
1989,6,19393,WN,2,0.03575812
1989,5,20355,US,2,0.041710254
2011,6,19393,WN,2,0.012671833
2011,5,20355,US,2,0.012325527
2002,12,19805,AA,2,0.009676544
2002,12,19790,DL,2,0.014759887
2011,6,19790,DL,2,0.011145369
2011,6,19805,AA,2,0.010286262
2002,12,19977,UA,2,0.010735635
1989,6,19805,AA,2,0.021455271
1989,6,19790,DL,2,0.04729291
1989,6,19977,UA,2,0.028973745
2011,6,19977,UA,2,0.007867421
2002,12,20355,US,2,0.013840147
1989,7,19393,WN,2,0.02433644
1989,6,20355,US,2,0.045159936
1998,3,19393,WN,2,0.02663372
1998,2,20355,US,2,0.019203527
2011,9,19977,UA,2,0.010589142
1989,9,19805,AA,2,0.016949447
1989,9,19790,DL,2,0.03600797
1998,3,19805,AA,2,0.0112481415
2011,9,19790,DL,2,0.009846975
1998,3,19790,DL,2,0.025378706
2011,9,19805,AA,2,0.010557221
1989,9,19977,UA,2,0.02312086
1998,3,19977,UA,2,0.019449424
1989,10,19393,WN,2,0.024834115
1989,9,20355,US,2,0.04685302
2011,10,19393,WN,2,0.009857455
2011,9,20355,US,2,0.010592141
1998,2,19393,WN,2,0.028078774
1998,1,20355,US,2,0.017235447
1989,8,19805,AA,2,0.017703943
1989,8,19790,DL,2,0.044960205
1989,8,19977,UA,2,0.0328682
2011,8,19790,DL,2,0.008680988
2011,8,19805,AA,2,0.010907862
1998,2,19805,AA,2,0.012548193
1998,2,19790,DL,2,0.026321355
2011,8,19977,UA,2,0.007672788
1998,2,19977,UA,2,0.020510836
1989,9,19393,WN,2,0.020235935
1989,8,20355,US,2,0.061634414
2011,9,19393,WN,2,0.011763428
2011,8,20355,US,2,0.009625208
2011,11,19790,DL,2,0.0089571485
2011,11,19805,AA,2,0.010310537
1989,11,19805,AA,2,0.016060365
1989,11,19790,DL,2,0.036159974
1998,5,19805,AA,2,0.010918823
1998,5,19790,DL,2,0.025712775
1989,11,19977,UA,2,0.022380607
2011,11,19977,UA,2,0.008471234
2011,11,20355,US,2,0.010400772
2011,12,19393,WN,2,0.0118627995
1998,5,19977,UA,2,0.020053938
1989,11,20355,US,2,0.05231425
1989,12,19393,WN,2,0.025809018
1998,6,19393,WN,2,0.02288569
1998,5,20355,US,2,0.022547664
2011,10,19790,DL,2,0.008681909
2011,10,19805,AA,2,0.01078432
1998,4,19393,WN,2,0.021874642
1998,3,20355,US,2,0.01848887
1989,10,19805,AA,2,0.017944379
1989,10,19790,DL,2,0.034615558
1989,10,19977,UA,2,0.021053752
2011,10,19977,UA,2,0.009258234
1998,4,19805,AA,2,0.011196109
1998,4,19790,DL,2,0.025247319
1998,4,19977,UA,2,0.018894393
1989,11,19393,WN,2,0.02757244
1989,10,20355,US,2,0.050610356
2011,11,19393,WN,2,0.009324144
2011,10,20355,US,2,0.010152341
1998,4,20355,US,2,0.021528732
1998,5,19393,WN,2,0.02190829
1998,7,19805,AA,2,0.011418513
2007,1,19393,WN,2,0.01469226
1998,7,19790,DL,2,0.020714736
2007,1,19790,DL,2,0.011594621
2007,1,19805,AA,2,0.0120658325
1998,7,19977,UA,2,0.020595744
2007,1,19977,UA,2,0.012722632
2007,2,19393,WN,2,0.015595037
2007,1,20355,US,2,0.020633638
1998,8,19393,WN,2,0.019403256
1998,7,20355,US,2,0.017864225
1989,12,19805,AA,2,0.017898807
1989,12,19790,DL,2,0.04052505
1989,12,19977,UA,2,0.028043278
2011,12,19790,DL,2,0.008837276
2011,12,19805,AA,2,0.010912999
1998,6,19805,AA,2,0.012505084
1998,6,19790,DL,2,0.022353074
2011,12,19977,UA,2,0.007892187
1998,6,19977,UA,2,0.021869106
1989,12,20355,US,2,0.04283957
2011,12,20355,US,2,0.010856524
1998,7,19393,WN,2,0.021577235
1998,6,20355,US,2,0.02243301
1998,9,19805,AA,2,0.012484653
1998,9,19790,DL,2,0.016927185
2007,3,19977,UA,2,0.012505884
1998,9,19977,UA,2,0.019337889
2007,3,19790,DL,2,0.013934019
2007,3,19805,AA,2,0.0125581985
1998,10,19393,WN,2,0.02149653
1998,9,20355,US,2,0.013905963
2007,4,19393,WN,2,0.012707695
2007,3,20355,US,2,0.022739815
1998,8,19805,AA,2,0.012324454
1998,8,19790,DL,2,0.019287972
1998,8,19977,UA,2,0.020716483
2007,2,19790,DL,2,0.012241418
2007,2,19805,AA,2,0.012882597
2007,2,19977,UA,2,0.013322
1998,8,20355,US,2,0.017219212
1998,9,19393,WN,2,0.017916016
2007,3,19393,WN,2,0.013928166
2007,2,20355,US,2,0.023136303
2007,5,19790,DL,2,0.013065775
2007,5,19805,AA,2,0.015066001
1998,11,19977,UA,2,0.015728965
2007,5,19977,UA,2,0.01215411
2007,6,19393,WN,2,0.016237827
2007,5,20355,US,2,0.019233497
1998,12,19393,WN,2,0.026768379
1998,11,20355,US,2,0.014681567
1998,12,19805,AA,2,0.011552248
1998,12,19790,DL,2,0.019935695
1998,10,19805,AA,2,0.01309282
1998,10,19790,DL,2,0.017754098
2007,4,19790,DL,2,0.013498044
2007,4,19805,AA,2,0.013569713
1998,10,19977,UA,2,0.019904198
2007,4,19977,UA,2,0.012456016
1998,11,19393,WN,2,0.021964148
1998,10,20355,US,2,0.015800983
1998,11,19805,AA,2,0.011534193
2007,5,19393,WN,2,0.013721022
2007,4,20355,US,2,0.018753698
1998,11,19790,DL,2,0.016536636
2007,7,19977,UA,2,0.011749992
1994,1,19805,AA,2,0.017335033
2007,7,19790,DL,2,0.016720004
1994,1,19790,DL,2,0.03529467
2007,7,19805,AA,2,0.015149805
1994,1,19977,UA,2,0.020027947
2007,8,19393,WN,2,0.014855601
2007,7,20355,US,2,0.017113397
2007,8,19790,DL,2,0.01577637
1994,2,19393,WN,2,0.027169188
1994,1,20355,US,2,0.023787651
2007,8,19805,AA,2,0.01416171
1998,12,19977,UA,2,0.018052846
2007,6,19790,DL,2,0.015958657
2007,6,19805,AA,2,0.016503775
2007,6,19977,UA,2,0.014169955
1998,12,20355,US,2,0.02412253
2007,7,19393,WN,2,0.015868224
2007,6,20355,US,2,0.019897137
1994,1,19393,WN,2,0.024534946
1994,3,19805,AA,2,0.0145009
1994,3,19790,DL,2,0.030544613
2007,9,19977,UA,2,0.010667903
2007,10,19393,WN,2,0.015547065
2007,9,20355,US,2,0.0135260895
1994,3,19977,UA,2,0.01457476
1994,4,19393,WN,2,0.02174725
1994,3,20355,US,2,0.020914681
2007,10,19790,DL,2,0.014429477
2007,10,19805,AA,2,0.012494128
2007,8,19977,UA,2,0.011248998
1994,2,19805,AA,2,0.01621984
1994,2,19790,DL,2,0.032127216
1994,2,19977,UA,2,0.01823438
2007,9,19393,WN,2,0.011603989
2007,8,20355,US,2,0.018049464
1994,2,20355,US,2,0.021648169
1994,3,19393,WN,2,0.023454973
2007,9,19790,DL,2,0.011671867
2007,9,19805,AA,2,0.011696141
1994,5,19977,UA,2,0.020189023
2007,12,19393,WN,2,0.017003555
2007,11,20355,US,2,0.012390216
2007,12,19790,DL,2,0.015493142
1994,6,19393,WN,2,0.029462086
1994,5,20355,US,2,0.020326337
2007,12,19977,UA,2,0.015616359
2007,12,19805,AA,2,0.014642538
1994,6,19805,AA,2,0.016467186
1994,6,19790,DL,2,0.032028195
1994,4,19805,AA,2,0.014363919
1994,4,19790,DL,2,0.030404322
1994,4,19977,UA,2,0.018876491
2007,10,19977,UA,2,0.011347414
2007,11,19393,WN,2,0.012618609
2007,10,20355,US,2,0.015373029
1994,5,19393,WN,2,0.022314658
1994,4,20355,US,2,0.020634938
2007,11,19977,UA,2,0.010783829
1994,5,19805,AA,2,0.014540561
1994,5,19790,DL,2,0.029926961
2007,11,19790,DL,2,0.010745003
2007,11,19805,AA,2,0.011421976
2003,1,19805,AA,2,0.007999758
2003,1,19790,DL,2,0.011633616
1994,7,19977,UA,2,0.024351357
2003,1,19977,UA,2,0.008868995
1994,8,19393,WN,2,0.023668109
1994,7,20355,US,2,0.027499707
2003,1,20355,US,2,0.012448439
2003,2,19393,WN,2,0.016564395
1994,8,19805,AA,2,0.01534991
1994,8,19790,DL,2,0.031603254
2003,2,19805,AA,2,0.009131322
2003,2,19790,DL,2,0.013229839
1994,8,19977,UA,2,0.021410212
1994,6,19977,UA,2,0.02334418
2007,12,20355,US,2,0.0134404525
1994,6,20355,US,2,0.024596743
1994,7,19393,WN,2,0.027733492
2003,1,19393,WN,2,0.014066916
1994,7,19805,AA,2,0.016336195
1994,7,19790,DL,2,0.03417885
2003,3,19977,UA,2,0.008910352
1994,10,19393,WN,2,0.024886528
1994,9,20355,US,2,0.02213759
2003,3,20355,US,2,0.014080468
2003,4,19393,WN,2,0.011305256
1994,10,19805,AA,2,0.015755322
1994,10,19790,DL,2,0.03135671
2003,4,19805,AA,2,0.00792551
2003,4,19790,DL,2,0.010626618
1994,10,19977,UA,2,0.017326653
2003,2,19977,UA,2,0.009067501
1994,8,20355,US,2,0.025963832
1994,9,19393,WN,2,0.022381982
2003,3,19393,WN,2,0.01303959
2003,2,20355,US,2,0.014145228
1994,9,19805,AA,2,0.014945941
1994,9,19790,DL,2,0.029055007
2003,3,19805,AA,2,0.008445166
2003,3,19790,DL,2,0.0128125455
1994,9,19977,UA,2,0.017902145
1994,12,19393,WN,2,0.0344017
1994,11,20355,US,2,0.023549829
2003,5,20355,US,2,0.015521614
2003,6,19393,WN,2,0.011230232
1994,12,19805,AA,2,0.017622322
1994,12,19790,DL,2,0.033083472
2003,6,19805,AA,2,0.010807083
2003,6,19790,DL,2,0.017535971
1994,12,19977,UA,2,0.0172999
2003,6,19977,UA,2,0.010533847
2003,4,19977,UA,2,0.008000154
1994,10,20355,US,2,0.02203438
1994,11,19393,WN,2,0.033348996
2003,5,19393,WN,2,0.010183586
2003,4,20355,US,2,0.015018334
1994,11,19805,AA,2,0.016859751
1994,11,19790,DL,2,0.03424417
2003,5,19805,AA,2,0.008897526
2003,5,19790,DL,2,0.011659746
1994,11,19977,UA,2,0.015567043
2003,5,19977,UA,2,0.009098732
1990,1,19977,UA,2,0.023712793
2003,7,20355,US,2,0.016933553
2003,8,19393,WN,2,0.010749011
2012,1,19977,UA,2,0.0077445502
2012,2,19393,WN,2,0.009032078
2012,1,20355,US,2,0.01164475
1990,2,19393,WN,2,0.02990014
1990,1,20355,US,2,0.034572553
2003,8,19790,DL,2,0.019784948
2003,8,19805,AA,2,0.011828453
1990,2,19805,AA,2,0.019935502
2003,8,19977,UA,2,0.011497895
1990,2,19790,DL,2,0.040462695
2012,2,19977,UA,2,0.008757173
1990,2,19977,UA,2,0.023458393
2012,2,19790,DL,2,0.007945631
2012,2,19805,AA,2,0.007986795
1994,12,20355,US,2,0.027412033
2003,7,19393,WN,2,0.011386765
2003,6,20355,US,2,0.015046261
2012,1,19393,WN,2,0.008630644
1990,1,19393,WN,2,0.026550699
2003,7,19805,AA,2,0.011266227
2003,7,19790,DL,2,0.017300477
2012,1,19790,DL,2,0.008929141
2003,7,19977,UA,2,0.011019687
2012,1,19805,AA,2,0.009107756
1990,1,19805,AA,2,0.016522434
1990,1,19790,DL,2,0.0357963
2003,9,20355,US,2,0.013629721
2003,10,19393,WN,2,0.0120163765
1990,4,19393,WN,2,0.027323343
1990,3,20355,US,2,0.032937266
2003,10,19790,DL,2,0.015210785
2012,4,19393,WN,2,0.0105666565
2012,3,20355,US,2,0.010463747
2012,4,19790,DL,2,0.0075041787
2012,4,19805,AA,2,0.008673587
2003,10,19805,AA,2,0.009130637
2003,10,19977,UA,2,0.01051283
1990,4,19805,AA,2,0.019381218
1990,4,19790,DL,2,0.03743049
2012,4,19977,UA,2,0.008814809
1990,4,19977,UA,2,0.024722567
2003,9,19393,WN,2,0.0087486105
2003,8,20355,US,2,0.017434662
1990,3,19393,WN,2,0.033764422
1990,2,20355,US,2,0.034344364
2012,3,19393,WN,2,0.01197648
2012,2,20355,US,2,0.010536929
2003,9,19805,AA,2,0.00888904
2003,9,19790,DL,2,0.01424406
2003,9,19977,UA,2,0.008769392
1990,3,19805,AA,2,0.020810405
1990,3,19790,DL,2,0.038272012
2012,3,19977,UA,2,0.01017288
2012,3,19790,DL,2,0.010564679
2012,3,19805,AA,2,0.010976818
1990,3,19977,UA,2,0.024408657
2012,6,19393,WN,2,0.01539257
2012,5,20355,US,2,0.009621575
1990,6,19393,WN,2,0.026828768
1990,5,20355,US,2,0.03085959
2003,12,19790,DL,2,0.016936919
2003,12,19805,AA,2,0.013093113
2003,12,19977,UA,2,0.013993714
1990,6,19805,AA,2,0.017580885
1990,6,19790,DL,2,0.038590316
1990,6,19977,UA,2,0.021965299
2012,6,19790,DL,2,0.008679648
2012,6,19805,AA,2,0.010859443
2012,6,19977,UA,2,0.01066737
2003,12,20355,US,2,0.014797599
2003,11,19393,WN,2,0.013475403
2003,10,20355,US,2,0.013808587
2012,4,20355,US,2,0.008208151
2012,5,19393,WN,2,0.012368736
1990,4,20355,US,2,0.02972426
1990,5,19393,WN,2,0.028834691
2003,11,19805,AA,2,0.010573714
2003,11,19790,DL,2,0.015538031
2012,5,19790,DL,2,0.008783593
2003,11,19977,UA,2,0.010951401
1990,5,19805,AA,2,0.018734666
2012,5,19805,AA,2,0.010757476
1990,5,19790,DL,2,0.037439987
1990,5,19977,UA,2,0.020022828
2003,11,20355,US,2,0.013211255
2003,12,19393,WN,2,0.014668358
2012,5,19977,UA,2,0.009014394
1990,8,19393,WN,2,0.028242523
1990,7,20355,US,2,0.027899502
1999,1,20355,US,2,0.02012785
1999,2,19393,WN,2,0.023431301
2012,8,19393,WN,2,0.0140072405
2012,7,20355,US,2,0.009134303
2012,8,19790,DL,2,0.009385123
2012,8,19805,AA,2,0.01121569
1990,8,19805,AA,2,0.018280087
1990,8,19790,DL,2,0.04137414
1999,2,19805,AA,2,0.011338335
2012,8,19977,UA,2,0.010227089
1999,2,19790,DL,2,0.016961798
1990,8,19977,UA,2,0.023901518
1999,2,19977,UA,2,0.013080067
2012,8,20355,US,2,0.0089720925
2012,9,19393,WN,2,0.010189317
1990,9,19393,WN,2,0.027475644
1990,8,20355,US,2,0.03360283
1990,7,19393,WN,2,0.025296679
1990,6,20355,US,2,0.028463835
2012,7,19393,WN,2,0.01620857
2012,6,20355,US,2,0.009450301
1999,1,19393,WN,2,0.024911955
1990,7,19805,AA,2,0.016287968
1990,7,19790,DL,2,0.038595952
2012,7,19977,UA,2,0.01170095
2012,7,19790,DL,2,0.009759722
2012,7,19805,AA,2,0.010548424
1999,1,19805,AA,2,0.012016292
1999,1,19790,DL,2,0.01999365
1990,7,19977,UA,2,0.022705108
1999,1,19977,UA,2,0.017067391
1999,4,19393,WN,2,0.02434149
1999,3,20355,US,2,0.018460192
1990,10,19805,AA,2,0.018420385
1990,10,19790,DL,2,0.037103664
1999,4,19790,DL,2,0.019080402
1990,10,19977,UA,2,0.020498475
2012,10,19790,DL,2,0.010328189
2012,10,19805,AA,2,0.015599537
1999,4,19805,AA,2,0.015376519
2012,10,19977,UA,2,0.008641267
1999,4,19977,UA,2,0.019022007
2012,10,20355,US,2,0.011652697
1990,11,19393,WN,2,0.035445165
1990,10,20355,US,2,0.030663954
2012,11,19393,WN,2,0.012954712
1999,3,19393,WN,2,0.025915273
1999,2,20355,US,2,0.018703727
2012,9,19790,DL,2,0.007833606
1990,9,19805,AA,2,0.016282724
1990,9,19790,DL,2,0.03461974
2012,9,19805,AA,2,0.015921883
1999,3,19805,AA,2,0.014848221
1999,3,19790,DL,2,0.017214604
1990,9,19977,UA,2,0.018893078
1999,3,19977,UA,2,0.012863079
2012,9,19977,UA,2,0.007752697
2012,10,19393,WN,2,0.0140990885
2012,9,20355,US,2,0.008381556
1990,10,19393,WN,2,0.033264972
1990,9,20355,US,2,0.026110763
2012,12,19790,DL,2,0.009361864
2012,12,19805,AA,2,0.009952767
1990,12,19805,AA,2,0.023729097
1990,12,19790,DL,2,0.034293972
1999,6,19790,DL,2,0.02163558
2012,12,19977,UA,2,0.0079502985
1990,12,19977,UA,2,0.024217296
1999,6,19805,AA,2,0.015010515
1999,6,19977,UA,2,0.018267982
1990,12,20355,US,2,0.028593961
2012,12,20355,US,2,0.0128087625
1999,7,19393,WN,2,0.02241878
1999,6,20355,US,2,0.022908175
1999,5,19393,WN,2,0.021764899
1999,4,20355,US,2,0.019648362
1990,11,19805,AA,2,0.020479457
1990,11,19790,DL,2,0.02998731
2012,11,19977,UA,2,0.00626893
2012,11,19790,DL,2,0.0081818905
2012,11,19805,AA,2,0.011111994
1999,5,19805,AA,2,0.015696818
1999,5,19790,DL,2,0.017094309
1990,11,19977,UA,2,0.020607686
1999,5,19977,UA,2,0.01898768
1990,12,19393,WN,2,0.033244696
1990,11,20355,US,2,0.023532474
1999,5,20355,US,2,0.018760562
1999,6,19393,WN,2,0.02302899
2012,12,19393,WN,2,0.015196734
2012,11,20355,US,2,0.010588194
1999,8,19790,DL,2,0.019571725
2008,2,19393,WN,2,0.017529698
2008,1,20355,US,2,0.012432581
2008,2,19790,DL,2,0.01241712
2008,2,19805,AA,2,0.013563187
1999,8,19805,AA,2,0.011996311
1999,8,19977,UA,2,0.01898588
2008,2,19977,UA,2,0.012751421
1999,9,19393,WN,2,0.017178133
1999,8,20355,US,2,0.020790929
2008,3,19393,WN,2,0.018124301
2008,2,20355,US,2,0.012298923
2008,1,19393,WN,2,0.015504783
1999,7,19805,AA,2,0.014203763
1999,7,19790,DL,2,0.0220296
1999,7,19977,UA,2,0.018857734
2008,1,19977,UA,2,0.013652985
2008,1,19790,DL,2,0.012463242
2008,1,19805,AA,2,0.012262779
1999,8,19393,WN,2,0.01983982
1999,7,20355,US,2,0.02276187
1999,10,19790,DL,2,0.019694734
1999,10,19805,AA,2,0.012434562
1999,10,19977,UA,2,0.017186405
2008,4,19790,DL,2,0.012881294
2008,4,19805,AA,2,0.014500183
2008,4,19977,UA,2,0.011410577
1999,11,19393,WN,2,0.025228258
1999,10,20355,US,2,0.018629108
2008,5,19393,WN,2,0.013022749
2008,4,20355,US,2,0.010895291
1999,9,19805,AA,2,0.0116995685
1999,9,19790,DL,2,0.016289923
2008,3,19790,DL,2,0.014592138
1999,9,19977,UA,2,0.01659782
2008,3,19805,AA,2,0.013968899
1999,9,20355,US,2,0.017888501
1999,10,19393,WN,2,0.019535398
2008,3,19977,UA,2,0.011884304
2008,4,19393,WN,2,0.013696627
2008,3,20355,US,2,0.010592016
2008,6,19790,DL,2,0.014238834
2008,6,19805,AA,2,0.015259893
1999,12,19805,AA,2,0.012570796
1999,12,19977,UA,2,0.017318241
2008,6,19977,UA,2,0.012782336
1999,12,20355,US,2,0.017300252
2008,7,19393,WN,2,0.010999582
2008,6,20355,US,2,0.0103132995
1995,1,19393,WN,2,0.033333335
1999,11,19805,AA,2,0.015325516
1999,11,19790,DL,2,0.01732967
1999,11,19977,UA,2,0.01392117
2008,5,19977,UA,2,0.011379005
2008,5,19790,DL,2,0.011592774
2008,5,19805,AA,2,0.013624315
1999,12,19393,WN,2,0.028003642
1999,11,20355,US,2,0.016557023
1999,12,19790,DL,2,0.019512108
2008,6,19393,WN,2,0.013951393
2008,5,20355,US,2,0.009285695
1995,2,19790,DL,2,0.026981814
2008,8,19790,DL,2,0.012846414
2008,8,19805,AA,2,0.011699941
1995,2,19805,AA,2,0.016171543
2008,8,19977,UA,2,0.010428267
1995,2,19977,UA,2,0.016519982
2008,9,19393,WN,2,0.009625201
2008,8,20355,US,2,0.0079649035
1995,3,19393,WN,2,0.03473609
1995,2,20355,US,2,0.02698569
2008,7,19790,DL,2,0.013846514
2008,7,19805,AA,2,0.012946346
1995,1,19805,AA,2,0.017961878
1995,1,19790,DL,2,0.027700098
1995,1,19977,UA,2,0.018565796
2008,7,19977,UA,2,0.010487412
2008,8,19393,WN,2,0.011131849
2008,7,20355,US,2,0.0092416005
1995,1,20355,US,2,0.029145412
1995,2,19393,WN,2,0.029523432
2008,10,19977,UA,2,0.007843518
1995,4,19790,DL,2,0.0266109
1995,4,19805,AA,2,0.016672192
1995,4,19977,UA,2,0.014286511
2008,11,19393,WN,2,0.010250761
2008,10,20355,US,2,0.008858114
1995,5,19393,WN,2,0.025275527
1995,4,20355,US,2,0.025061473
2008,11,19790,DL,2,0.014369647
2008,11,19805,AA,2,0.008551535
2008,9,19977,UA,2,0.011194793
2008,9,19790,DL,2,0.012904608
2008,9,19805,AA,2,0.010072192
1995,3,19805,AA,2,0.017931635
1995,3,19790,DL,2,0.027991598
1995,3,19977,UA,2,0.017905284
1995,3,20355,US,2,0.02587141
1995,4,19393,WN,2,0.025398651
2008,10,19393,WN,2,0.009908995
2008,9,20355,US,2,0.009191811
2008,10,19790,DL,2,0.01466261
2008,10,19805,AA,2,0.010292666
1995,6,19805,AA,2,0.017721
2008,12,19977,UA,2,0.010554173
1995,6,19977,UA,2,0.024597649
2008,12,20355,US,2,0.014146322
1995,7,19393,WN,2,0.021525098
1995,6,20355,US,2,0.02913611
2004,1,19393,WN,2,0.013666236
1995,7,19805,AA,2,0.014769294
1995,7,19790,DL,2,0.029880706
1995,5,19805,AA,2,0.015911398
1995,5,19790,DL,2,0.02860934
1995,5,19977,UA,2,0.018813083
2008,11,19977,UA,2,0.0068115895
2008,12,19393,WN,2,0.016123006
2008,11,20355,US,2,0.01222415
1995,6,19393,WN,2,0.025832389
1995,5,20355,US,2,0.023442214
1995,6,19790,DL,2,0.033004396
2008,12,19790,DL,2,0.01575812
2008,12,19805,AA,2,0.011419332
2004,2,19805,AA,2,0.012238547
2004,2,19790,DL,2,0.01782768
1995,8,19977,UA,2,0.021951206
2004,2,19977,UA,2,0.012023189
1995,9,19393,WN,2,0.020512905
1995,8,20355,US,2,0.026504636
2004,3,19393,WN,2,0.016281305
2004,2,20355,US,2,0.01224392
1995,9,19805,AA,2,0.011927058
1995,9,19790,DL,2,0.030087337
1995,9,19977,UA,2,0.018056588
1995,7,19977,UA,2,0.021380128
2004,1,19805,AA,2,0.0132783735
2004,1,19790,DL,2,0.017158011
2004,1,19977,UA,2,0.013250849
1995,7,20355,US,2,0.024454093
1995,8,19393,WN,2,0.022722615
2004,2,19393,WN,2,0.01640216
2004,1,20355,US,2,0.0121469945
1995,8,19790,DL,2,0.03049682
1995,8,19805,AA,2,0.013049466
2004,4,19977,UA,2,0.010563151
1995,11,19393,WN,2,0.024898645
1995,10,20355,US,2,0.02616107
2004,4,20355,US,2,0.011923
2004,5,19393,WN,2,0.015836854
1995,11,19805,AA,2,0.01342339
1995,11,19790,DL,2,0.035021182
1995,11,19977,UA,2,0.018282726
2004,5,19805,AA,2,0.0098405285
2004,5,19790,DL,2,0.017819475
2004,3,19805,AA,2,0.010376462
2004,3,19790,DL,2,0.016013715
2004,3,19977,UA,2,0.010193298
1995,9,20355,US,2,0.02130689
1995,10,19393,WN,2,0.02297169
2004,4,19393,WN,2,0.01699399
2004,3,20355,US,2,0.0122801745
1995,10,19790,DL,2,0.033960316
1995,10,19805,AA,2,0.012186381
2004,4,19805,AA,2,0.009435591
2004,4,19790,DL,2,0.017214937
1995,10,19977,UA,2,0.018713348
2004,6,19977,UA,2,0.012453839
1995,12,20355,US,2,0.028418183
2004,6,20355,US,2,0.013224925
2004,7,19393,WN,2,0.0166933
1991,1,19393,WN,2,0.0383138
2013,1,19393,WN,2,0.0145024145
2004,7,19805,AA,2,0.010399914
2013,1,19790,DL,2,0.008782549
2004,7,19790,DL,2,0.020410322
2013,1,19805,AA,2,0.009232741
2004,7,19977,UA,2,0.010469332
1991,1,19805,AA,2,0.01953571
1991,1,19790,DL,2,0.035307374
2004,5,19977,UA,2,0.01019025
1995,11,20355,US,2,0.029050924
1995,12,19393,WN,2,0.030343577
2004,6,19393,WN,2,0.017572083
2004,5,20355,US,2,0.0105347
1995,12,19790,DL,2,0.040695745
1995,12,19805,AA,2,0.017764393
2004,6,19805,AA,2,0.011157059
2004,6,19790,DL,2,0.021342054
1995,12,19977,UA,2,0.021851879
1991,2,19977,UA,2,0.022749763
2013,2,19977,UA,2,0.00822042
2013,3,19393,WN,2,0.0146497255
2013,2,20355,US,2,0.011386932
2004,8,20355,US,2,0.012463216
2004,9,19393,WN,2,0.012769846
1991,3,19393,WN,2,0.039163273
1991,2,20355,US,2,0.026615875
2004,9,19805,AA,2,0.008254074
2004,9,19790,DL,2,0.015103808
1991,3,19805,AA,2,0.014066903
2004,9,19977,UA,2,0.007910658
1991,3,19790,DL,2,0.026915757
1991,3,19977,UA,2,0.027793912
2013,3,19790,DL,2,0.009187462
2013,3,19805,AA,2,0.008730943
1991,1,19977,UA,2,0.02651874
2013,1,19977,UA,2,0.008053542
2004,8,19393,WN,2,0.016192956
2004,7,20355,US,2,0.0108031295
1991,2,19393,WN,2,0.034417856
1991,1,20355,US,2,0.029222703
2013,1,20355,US,2,0.011527375
2013,2,19393,WN,2,0.013108937
2004,8,19805,AA,2,0.009062326
2004,8,19790,DL,2,0.018515902
1991,2,19790,DL,2,0.028265346
2013,2,19790,DL,2,0.009683089
2013,2,19805,AA,2,0.0087046875
2004,8,19977,UA,2,0.009740284
1991,2,19805,AA,2,0.013687029
2004,10,20355,US,2,0.014627697
2004,11,19393,WN,2,0.016958734
1991,5,19393,WN,2,0.028246423
1991,4,20355,US,2,0.024744911
2013,5,19393,WN,2,0.016539346
2013,4,20355,US,2,0.013428226
2004,11,19805,AA,2,0.01046692
2013,5,19790,DL,2,0.0097425645
2004,11,19790,DL,2,0.017211683
2013,5,19805,AA,2,0.009675633
2004,11,19977,UA,2,0.009359831
1991,5,19805,AA,2,0.014381864
1991,5,19790,DL,2,0.029507667
1991,5,19977,UA,2,0.020983148
2013,5,19977,UA,2,0.008672771
2013,3,19977,UA,2,0.0073078303
2004,10,19393,WN,2,0.016975578
2004,9,20355,US,2,0.011213149
1991,4,19393,WN,2,0.033104863
2013,4,19393,WN,2,0.014702778
1991,3,20355,US,2,0.02672111
2013,3,20355,US,2,0.0109135015
2004,10,19805,AA,2,0.010095796
2004,10,19790,DL,2,0.017701436
1991,4,19790,DL,2,0.028353885
2013,4,19977,UA,2,0.00770076
2004,10,19977,UA,2,0.010341491
1991,4,19805,AA,2,0.014427388
2013,4,19790,DL,2,0.008718106
2013,4,19805,AA,2,0.009343934
1991,4,19977,UA,2,0.026317613
2013,6,20355,US,2,0.012642498
2013,7,19393,WN,2,0.016895916
2004,12,20355,US,2,0.017775565
1991,6,20355,US,2,0.030476756
1991,7,19393,WN,2,0.022189057
2000,1,19393,WN,2,0.023506742
1991,7,19805,AA,2,0.01964085
1991,7,19790,DL,2,0.031737424
1991,7,19977,UA,2,0.017276613
2013,7,19790,DL,2,0.01275012
2013,7,19805,AA,2,0.010174925
2000,1,19805,AA,2,0.00963339
2000,1,19790,DL,2,0.017421626
2013,7,19977,UA,2,0.009038869
2000,1,19977,UA,2,0.016839089
2004,11,20355,US,2,0.0155370105
2004,12,19393,WN,2,0.018485682
1991,5,20355,US,2,0.03222526
1991,6,19393,WN,2,0.024254939
2013,5,20355,US,2,0.0114228
2013,6,19393,WN,2,0.016622432
2004,12,19805,AA,2,0.012760531
2004,12,19790,DL,2,0.016589105
1991,6,19790,DL,2,0.030843548
2013,6,19790,DL,2,0.012212464
2013,6,19805,AA,2,0.009812493
2004,12,19977,UA,2,0.011903154
1991,6,19805,AA,2,0.016475698
1991,6,19977,UA,2,0.022014381
2013,6,19977,UA,2,0.008236421
1991,8,20355,US,2,0.03084081
1991,9,19393,WN,2,0.0151459435
2013,8,20355,US,2,0.010763611
2013,9,19393,WN,2,0.018320454
2013,9,19790,DL,2,0.0089640785
2000,2,20355,US,2,0.016281562
2013,9,19805,AA,2,0.0077326465
2000,3,19393,WN,2,0.026258355
1991,9,19805,AA,2,0.019342056
1991,9,19790,DL,2,0.030603627
1991,9,19977,UA,2,0.016857397
2013,9,19977,UA,2,0.00626962
2000,3,19805,AA,2,0.0113544585
2000,3,19790,DL,2,0.01843692
2000,3,19977,UA,2,0.018706126
1991,10,19393,WN,2,0.019360436
1991,9,20355,US,2,0.025890125
1991,8,19393,WN,2,0.022143174
1991,7,20355,US,2,0.030039186
2013,8,19393,WN,2,0.01922059
2013,7,20355,US,2,0.011630805
2000,1,20355,US,2,0.017641945
2000,2,19393,WN,2,0.024765871
1991,8,19790,DL,2,0.031726547
2013,8,19977,UA,2,0.0076058405
1991,8,19805,AA,2,0.021531882
2000,2,19805,AA,2,0.010511994
2013,8,19790,DL,2,0.009815683
2000,2,19790,DL,2,0.0166312
2013,8,19805,AA,2,0.008290554
1991,8,19977,UA,2,0.019262154
2000,2,19977,UA,2,0.017805453
2000,5,19393,WN,2,0.019025525
2000,4,20355,US,2,0.019505432
1991,11,19805,AA,2,0.021065112
1991,11,19790,DL,2,0.035222474
1991,11,19977,UA,2,0.021169974
2013,11,19790,DL,2,0.008636625
2013,11,19805,AA,2,0.007995654
2000,5,19805,AA,2,0.009739329
2000,5,19790,DL,2,0.016376637
2013,11,19977,UA,2,0.007180836
2000,5,19977,UA,2,0.021870226
1991,12,19393,WN,2,0.023934897
1991,11,20355,US,2,0.02556067
2013,12,19393,WN,2,0.023701312
2013,11,20355,US,2,0.009035114
2013,9,20355,US,2,0.007799961
2013,10,19393,WN,2,0.017478406
2000,3,20355,US,2,0.015301161
2000,4,19393,WN,2,0.020536054
2013,10,19790,DL,2,0.00899244
2013,10,19805,AA,2,0.0089709135
1991,10,19805,AA,2,0.020369004
1991,10,19790,DL,2,0.031658866
2000,4,19805,AA,2,0.0102428505
2000,4,19790,DL,2,0.017032797
1991,10,19977,UA,2,0.0200411
2013,10,19977,UA,2,0.007104078
2013,10,20355,US,2,0.009371097
2013,11,19393,WN,2,0.014542728
2000,4,19977,UA,2,0.02006709
1991,10,20355,US,2,0.030379154
1991,11,19393,WN,2,0.020818504
2009,1,19393,WN,2,0.01200577
2000,6,20355,US,2,0.020865694
2000,7,19393,WN,2,0.021985851
2000,7,19805,AA,2,0.011968731
2000,7,19790,DL,2,0.017818384
2000,7,19977,UA,2,0.0287484
2009,1,19790,DL,2,0.0121126585
2009,1,19805,AA,2,0.009637607
2009,1,19977,UA,2,0.0094624
2000,7,20355,US,2,0.020070467
2000,8,19393,WN,2,0.023409937
2000,5,20355,US,2,0.017212883
2000,6,19393,WN,2,0.024944624
2013,12,19977,UA,2,0.010683991
1991,12,19805,AA,2,0.020968512
1991,12,19790,DL,2,0.0377832
2000,6,19805,AA,2,0.012557672
2000,6,19790,DL,2,0.018538527
2013,12,19790,DL,2,0.013827277
2013,12,19805,AA,2,0.011139367
1991,12,19977,UA,2,0.020980923
2000,6,19977,UA,2,0.026071236
1991,12,20355,US,2,0.025939183
2013,12,20355,US,2,0.011578836
2009,2,20355,US,2,0.011569959
2009,3,19393,WN,2,0.01018311
2000,9,19805,AA,2,0.011723559
2009,3,19790,DL,2,0.011638928
2000,9,19790,DL,2,0.015908143
2009,3,19805,AA,2,0.009396871
2000,9,19977,UA,2,0.015154805
2009,3,19977,UA,2,0.00761321
2000,9,20355,US,2,0.01838775
2000,10,19393,WN,2,0.024470083
2009,2,19393,WN,2,0.009171801
2009,1,20355,US,2,0.012620002
2000,8,19805,AA,2,0.012482959
2000,8,19790,DL,2,0.017876867
2009,2,19977,UA,2,0.0068962164
2000,8,19977,UA,2,0.028685331
2009,2,19790,DL,2,0.0101539595
2009,2,19805,AA,2,0.007504229
2000,9,19393,WN,2,0.020287484
2000,8,20355,US,2,0.019863807
2000,11,19805,AA,2,0.013752454
2000,11,19790,DL,2,0.022888493
2000,11,19977,UA,2,0.015184302
2009,5,19790,DL,2,0.013453114
2009,5,19805,AA,2,0.009544596
2009,5,19977,UA,2,0.008810353
2000,11,20355,US,2,0.016915347
2000,12,19393,WN,2,0.02352481
2009,6,19393,WN,2,0.013207282
2009,5,20355,US,2,0.012699181
2009,4,19393,WN,2,0.009263305
2000,10,19805,AA,2,0.014017694
2009,3,20355,US,2,0.012212762
2000,10,19790,DL,2,0.01573635
2009,4,19790,DL,2,0.012446208
2009,4,19805,AA,2,0.009300146
2000,10,19977,UA,2,0.015375684
2009,4,19977,UA,2,0.008048632
2009,4,20355,US,2,0.011136949
2009,5,19393,WN,2,0.0114364745
2000,10,20355,US,2,0.018085038
2000,11,19393,WN,2,0.022597125
2009,7,19790,DL,2,0.012405694
2009,7,19805,AA,2,0.010154729
1996,1,19393,WN,2,0.025750816
2009,7,19977,UA,2,0.0070664966
1996,1,19790,DL,2,0.041896697
1996,1,19977,UA,2,0.021103323
2009,8,19393,WN,2,0.012323409
2009,7,20355,US,2,0.010257464
1996,1,20355,US,2,0.029551594
1996,2,19393,WN,2,0.026280178
2000,12,19805,AA,2,0.014403243
2000,12,19790,DL,2,0.023709211
2009,6,19977,UA,2,0.008817589
2000,12,19977,UA,2,0.016392969
2009,6,19790,DL,2,0.013892445
2009,6,19805,AA,2,0.010849476
2000,12,20355,US,2,0.017372204
2009,6,20355,US,2,0.011305358
2009,7,19393,WN,2,0.012397707
2009,9,19790,DL,2,0.011733036
2009,9,19805,AA,2,0.007843812
1996,3,19805,AA,2,0.014848981
1996,3,19790,DL,2,0.034037355
2009,9,19977,UA,2,0.007954961
1996,3,19977,UA,2,0.016960584
2009,10,19393,WN,2,0.015683362
2009,9,20355,US,2,0.008904457
1996,3,20355,US,2,0.027113125
1996,4,19393,WN,2,0.023557909
2009,8,19790,DL,2,0.011236007
2009,8,19805,AA,2,0.009059557
1996,2,19805,AA,2,0.015252923
1996,2,19790,DL,2,0.038694497
2009,8,19977,UA,2,0.008225455
2009,8,20355,US,2,0.009345937
2009,9,19393,WN,2,0.011094585
1996,2,19977,UA,2,0.018018404
1996,2,20355,US,2,0.026351085
1996,3,19393,WN,2,0.027979508
2009,11,19977,UA,2,0.004061156
1996,5,19805,AA,2,0.01633679
1996,5,19790,DL,2,0.03033596
1996,5,19977,UA,2,0.017197326
1987,12,19393,WN,2,0.029032238
2009,12,19393,WN,2,0.015322891
2009,11,20355,US,2,0.008563632
1996,5,20355,US,2,0.02636634
1996,6,19393,WN,2,0.025123162
2009,12,19790,DL,2,0.011835422
2009,12,19805,AA,2,0.010749776
1987,12,19805,AA,2,0.024428327
1987,12,19790,DL,2,0.0712608
2009,10,19977,UA,2,0.007637776
1996,4,19805,AA,2,0.015072536
1996,4,19790,DL,2,0.032100085
2009,10,19790,DL,2,0.011320226
2009,10,19805,AA,2,0.0097025065
1996,4,19977,UA,2,0.013254934
2009,10,20355,US,2,0.012469846
2009,11,19393,WN,2,0.00797729
2009,11,19790,DL,2,0.007907434
1996,4,20355,US,2,0.023331858
1996,5,19393,WN,2,0.022812845
2009,11,19805,AA,2,0.0072357114
1996,7,19805,AA,2,0.017848678
1996,7,19790,DL,2,0.030541895
2005,1,19805,AA,2,0.013036541
2005,1,19790,DL,2,0.016099153
1996,7,19977,UA,2,0.02051908
2005,1,19977,UA,2,0.013003421
1996,7,20355,US,2,0.022063034
1996,8,19393,WN,2,0.0226299
2005,1,20355,US,2,0.016196279
2005,2,19393,WN,2,0.01502794
1996,8,19805,AA,2,0.020491097
1996,8,19790,DL,2,0.033601962
1996,6,19805,AA,2,0.018482262
1996,6,19790,DL,2,0.030428136
1987,12,19977,UA,2,0.030172346
2009,12,19977,UA,2,0.0068719797
2009,12,20355,US,2,0.012492611
1996,6,19977,UA,2,0.022379272
1987,12,20355,US,2,0.05260307
1996,7,19393,WN,2,0.021719677
1996,6,20355,US,2,0.025923138
2005,1,19393,WN,2,0.016873168
2005,3,19805,AA,2,0.010501629
2005,3,19790,DL,2,0.014878067
1996,9,19977,UA,2,0.01939349
2005,3,19977,UA,2,0.011125071
1996,9,20355,US,2,0.019634703
1996,10,19393,WN,2,0.030558946
2005,3,20355,US,2,0.017281218
2005,4,19393,WN,2,0.012267529
1996,10,19805,AA,2,0.017809238
1996,10,19790,DL,2,0.03326129
2005,2,19805,AA,2,0.010540701
2005,2,19790,DL,2,0.0152968345
1996,8,19977,UA,2,0.022726638
2005,2,19977,UA,2,0.011088196
1996,8,20355,US,2,0.02434513
1996,9,19393,WN,2,0.025214905
2005,2,20355,US,2,0.016155351
2005,3,19393,WN,2,0.015956642
1996,9,19805,AA,2,0.017389202
1996,9,19790,DL,2,0.029998498
2005,5,19977,UA,2,0.00989666
1996,11,20355,US,2,0.021447841
1996,12,19393,WN,2,0.036015496
2005,5,20355,US,2,0.013105021
2005,6,19393,WN,2,0.015415463
1996,12,19805,AA,2,0.0143856285
1996,12,19790,DL,2,0.036163896
2005,6,19805,AA,2,0.011770101
2005,6,19790,DL,2,0.01554995
1996,12,19977,UA,2,0.021818683
2005,4,19805,AA,2,0.009029128
2005,4,19790,DL,2,0.013906731
1996,10,19977,UA,2,0.019163558
2005,4,19977,UA,2,0.009793814
1996,10,20355,US,2,0.021067163
1996,11,19393,WN,2,0.028740896
2005,4,20355,US,2,0.016201906
2005,5,19393,WN,2,0.012357151
1996,11,19805,AA,2,0.0125954505
1996,11,19790,DL,2,0.030216768
2005,5,19805,AA,2,0.008388828
2005,5,19790,DL,2,0.012879368
1996,11,19977,UA,2,0.015705002
2005,7,19977,UA,2,0.012374069
1992,1,19805,AA,2,0.02171651
1992,1,19790,DL,2,0.036923096
2014,1,19977,UA,2,0.009636696
1992,1,19977,UA,2,0.021236788
2014,1,19790,DL,2,0.011791426
2014,1,19805,AA,2,0.009743535
2005,7,20355,US,2,0.016823588
2005,8,19393,WN,2,0.013958209
1992,1,20355,US,2,0.027307265
1992,2,19393,WN,2,0.0225723
2014,1,20355,US,2,0.011585805
2014,2,19393,WN,2,0.01607329
2005,8,19805,AA,2,0.011620573
2005,8,19790,DL,2,0.015669309
2005,8,19977,UA,2,0.010569904
1992,2,19805,AA,2,0.020218957
1992,2,19790,DL,2,0.03736488
2005,6,19977,UA,2,0.012708838
1996,12,20355,US,2,0.025350196
2005,6,20355,US,2,0.019017661
2005,7,19393,WN,2,0.015598604
2014,1,19393,WN,2,0.01893644
1992,1,19393,WN,2,0.019597221
2005,7,19805,AA,2,0.011901392
2005,7,19790,DL,2,0.016747909
1992,3,19977,UA,2,0.020440497
2014,3,19977,UA,2,0.008014683
2005,9,20355,US,2,0.010172296
2005,10,19393,WN,2,0.014126971
2014,3,20355,US,2,0.010100281
2014,4,19393,WN,2,0.016216172
1992,3,20355,US,2,0.027920773
1992,4,19393,WN,2,0.018487794
2005,10,19805,AA,2,0.01104416
2005,10,19790,DL,2,0.014231556
2014,4,19790,DL,2,0.01102079
1992,4,19805,AA,2,0.018093364
2014,4,19805,AA,2,0.008194109
2005,10,19977,UA,2,0.0112682255
1992,4,19790,DL,2,0.03067061
2014,2,19977,UA,2,0.010002149
2014,2,19790,DL,2,0.011062892
2014,2,19805,AA,2,0.008539657
1992,2,19977,UA,2,0.020225925
2005,8,20355,US,2,0.014006502
2005,9,19393,WN,2,0.011955817
1992,3,19393,WN,2,0.025955105
1992,2,20355,US,2,0.026991794
2005,9,19790,DL,2,0.012902548
2014,2,20355,US,2,0.011304966
2014,3,19393,WN,2,0.016570346
2014,3,19790,DL,2,0.012114253
2014,3,19805,AA,2,0.00902843
2005,9,19805,AA,2,0.010294491
2005,9,19977,UA,2,0.009729419
1992,3,19805,AA,2,0.018875267
1992,3,19790,DL,2,0.037234034
2005,11,20355,US,2,0.012902083
2005,12,19393,WN,2,0.016093884
1992,5,20355,US,2,0.032495636
1992,6,19393,WN,2,0.020415628
2014,5,20355,US,2,0.0098744845
2014,6,19393,WN,2,0.016446767
2005,12,19805,AA,2,0.013558193
2005,12,19790,DL,2,0.016298756
2005,12,19977,UA,2,0.013625104
1992,6,19805,AA,2,0.021442361
1992,6,19790,DL,2,0.035748214
2014,6,19977,UA,2,0.009415269
2014,6,19790,DL,2,0.010589979
2014,6,19805,AA,2,0.0113091
1992,6,19977,UA,2,0.022214303
1992,4,19977,UA,2,0.019054955
2005,10,20355,US,2,0.014914801
2005,11,19393,WN,2,0.01308598
2014,4,19977,UA,2,0.0072122198
2014,5,19393,WN,2,0.016932212
2014,4,20355,US,2,0.009360028
1992,5,19393,WN,2,0.017591152
1992,4,20355,US,2,0.025914872
2005,11,19790,DL,2,0.015089066
2005,11,19805,AA,2,0.011661146
1992,5,19805,AA,2,0.019453757
2005,11,19977,UA,2,0.010286328
1992,5,19790,DL,2,0.030573322
2014,5,19977,UA,2,0.008039828
1992,5,19977,UA,2,0.01923679
2014,5,19790,DL,2,0.011358063
2014,5,19805,AA,2,0.008944025
2001,1,19977,UA,2,0.012075039
2014,7,20355,US,2,0.011037549
2014,8,19393,WN,2,0.01462958
1992,7,20355,US,2,0.032534663
1992,8,19393,WN,2,0.016831957
2001,2,19393,WN,2,0.019327754
2001,1,20355,US,2,0.013156084
2014,8,19790,DL,2,0.00980387
1992,8,19805,AA,2,0.02365742
2014,8,19805,AA,2,0.011920972
1992,8,19790,DL,2,0.036920942
2001,2,19805,AA,2,0.011413219
2001,2,19790,DL,2,0.01906341
1992,8,19977,UA,2,0.02218882
2001,2,19977,UA,2,0.011981088
2014,8,19977,UA,2,0.008626077
2005,12,20355,US,2,0.0155478595
1992,6,20355,US,2,0.03449861
1992,7,19393,WN,2,0.016757384
2001,1,19393,WN,2,0.021151783
2014,6,20355,US,2,0.012159733
2014,7,19393,WN,2,0.016276175
2014,7,19790,DL,2,0.008912459
2014,7,19805,AA,2,0.011297676
1992,7,19805,AA,2,0.021842597
1992,7,19790,DL,2,0.0351942
2001,1,19805,AA,2,0.012122064
2014,7,19977,UA,2,0.008634303
2001,1,19790,DL,2,0.01921778
1992,7,19977,UA,2,0.022418356
1992,9,20355,US,2,0.025251692
1992,10,19393,WN,2,0.017304208
2014,9,20355,US,2,0.010404787
2014,10,19393,WN,2,0.0140321925
2001,3,20355,US,2,0.013670108
2001,4,19393,WN,2,0.014550687
1992,10,19805,AA,2,0.018197952
1992,10,19790,DL,2,0.030232912
2014,10,19977,UA,2,0.0089525925
2014,10,19790,DL,2,0.009938066
2014,10,19805,AA,2,0.01010191
2001,4,19805,AA,2,0.009777326
2001,4,19790,DL,2,0.015464638
1992,10,19977,UA,2,0.018437603
2001,4,19977,UA,2,0.011597718
2014,9,19393,WN,2,0.013171565
2014,8,20355,US,2,0.010437102
1992,9,19393,WN,2,0.014518548
1992,8,20355,US,2,0.03313744
2001,2,20355,US,2,0.012755267
2001,3,19393,WN,2,0.019508732
1992,9,19805,AA,2,0.019723171
1992,9,19790,DL,2,0.030777926
2001,3,19805,AA,2,0.011792197
2001,3,19790,DL,2,0.019809533
1992,9,19977,UA,2,0.019665802
2014,9,19790,DL,2,0.011006049
2014,9,19805,AA,2,0.01011224
2014,9,19977,UA,2,0.007890591
2001,3,19977,UA,2,0.012659879
2001,6,19393,WN,2,0.015366227
2001,5,20355,US,2,0.012236547
2014,12,19790,DL,2,0.007873314
1992,12,19805,AA,2,0.021010661
1992,12,19790,DL,2,0.038336486
2014,12,19805,AA,2,0.011815309
2001,6,19805,AA,2,0.011085105
2001,6,19790,DL,2,0.0168744
1992,12,19977,UA,2,0.02161181
2001,6,19977,UA,2,0.014375514
2014,12,19977,UA,2,0.009669445
2014,12,20355,US,2,0.014286983
1992,12,20355,US,2,0.027392166
1992,11,19393,WN,2,0.019650472
1992,10,20355,US,2,0.023612149
2001,4,20355,US,2,0.0124442745
2001,5,19393,WN,2,0.014505633
2014,10,20355,US,2,0.011088453
2014,11,19393,WN,2,0.013225083
2014,11,19790,DL,2,0.010302717
2014,11,19805,AA,2,0.009437861
1992,11,19805,AA,2,0.020446204
1992,11,19790,DL,2,0.03108253
2014,11,19977,UA,2,0.007603204
2001,5,19790,DL,2,0.014711976
1992,11,19977,UA,2,0.020278784
2001,5,19805,AA,2,0.010221386
2001,5,19977,UA,2,0.012100248
2014,11,20355,US,2,0.012375527
2014,12,19393,WN,2,0.016248642
1992,11,20355,US,2,0.026165657
1992,12,19393,WN,2,0.025913242
2001,7,20355,US,2,0.015516395
2001,8,19393,WN,2,0.015137706
2010,1,20355,US,2,0.0121742245
2010,2,19393,WN,2,0.012022041
1988,1,20355,US,2,0.05134099
1988,2,19393,WN,2,0.020511499
2001,8,19805,AA,2,0.010342806
2001,8,19790,DL,2,0.017326985
2010,2,19790,DL,2,0.010405049
2001,8,19977,UA,2,0.014617704
2010,2,19805,AA,2,0.010411162
1988,2,19805,AA,2,0.019415257
1988,2,19790,DL,2,0.050990757
1988,2,19977,UA,2,0.02583343
2001,8,20355,US,2,0.017720742
2001,9,19393,WN,2,0.008991265
2010,2,19977,UA,2,0.007377683
2001,6,20355,US,2,0.016251007
2001,7,19393,WN,2,0.014127781
1988,1,19393,WN,2,0.020276284
2001,7,19790,DL,2,0.016405746
2010,1,19393,WN,2,0.012621527
2010,1,19790,DL,2,0.00998546
2010,1,19805,AA,2,0.009143324
2001,7,19805,AA,2,0.010759676
2001,7,19977,UA,2,0.01248478
1988,1,19805,AA,2,0.022665096
1988,1,19790,DL,2,0.05559888
1988,1,19977,UA,2,0.029588861
2010,1,19977,UA,2,0.007581107
1988,3,20355,US,2,0.048855133
1988,4,19393,WN,2,0.0182944
2010,3,20355,US,2,0.012759569
2010,4,19393,WN,2,0.010904957
2001,10,19805,AA,2,0.009563418
2001,10,19790,DL,2,0.009629959
2001,10,19977,UA,2,0.012700864
1988,4,19805,AA,2,0.017469369
1988,4,19790,DL,2,0.028395591
2010,4,19977,UA,2,0.0048987325
2010,4,19790,DL,2,0.010646997
2010,4,19805,AA,2,0.008250653
1988,4,19977,UA,2,0.023088736
2001,10,20355,US,2,0.0131171355
2001,11,19393,WN,2,0.015955545
2010,3,19393,WN,2,0.013919404
2010,2,20355,US,2,0.01217899
1988,2,20355,US,2,0.046921134
1988,3,19393,WN,2,0.022149654
2001,9,19790,DL,2,0.009718808
2001,9,19805,AA,2,0.012605401
2001,9,19977,UA,2,0.010844757
1988,3,19805,AA,2,0.01992331
1988,3,19790,DL,2,0.050520074
1988,3,19977,UA,2,0.025532931
2010,3,19790,DL,2,0.010274681
2010,3,19805,AA,2,0.011037719
2010,3,19977,UA,2,0.0070752935
2001,10,19393,WN,2,0.012448735
2001,9,20355,US,2,0.010359633
2001,12,19805,AA,2,0.010191828
2001,12,19790,DL,2,0.01578382
2010,6,19790,DL,2,0.014162756
2001,12,19977,UA,2,0.017930107
1988,6,19805,AA,2,0.019293463
2010,6,19805,AA,2,0.009725794
1988,6,19790,DL,2,0.027532771
1988,6,19977,UA,2,0.027941743
2001,12,20355,US,2,0.012936554
2010,6,19977,UA,2,0.0058965553
2010,7,19393,WN,2,0.0129252765
2010,6,20355,US,2,0.01014557
1988,6,20355,US,2,0.054239146
1988,7,19393,WN,2,0.017918589
1988,4,20355,US,2,0.044850137
1988,5,19393,WN,2,0.01631994
2001,11,19790,DL,2,0.013005377
2010,5,19393,WN,2,0.012401784
2010,4,20355,US,2,0.008192692
2010,5,19790,DL,2,0.0132383695
2010,5,19805,AA,2,0.009494137
2001,11,19805,AA,2,0.01177807
2001,11,19977,UA,2,0.02023331
1988,5,19805,AA,2,0.017476002
1988,5,19790,DL,2,0.026935723
2010,5,19977,UA,2,0.005720538
1988,5,19977,UA,2,0.023460576
2001,11,20355,US,2,0.010081901
2001,12,19393,WN,2,0.018440632
2010,5,20355,US,2,0.009849535
2010,6,19393,WN,2,0.012146268
1988,5,20355,US,2,0.0567847
1988,6,19393,WN,2,0.016024783
1997,1,20355,US,2,0.022711197
1997,2,19393,WN,2,0.028034553
1988,8,19805,AA,2,0.020990629
1988,8,19790,DL,2,0.02711127
2010,8,19977,UA,2,0.004356612
2010,8,19790,DL,2,0.012015796
2010,8,19805,AA,2,0.009680423
1997,2,19805,AA,2,0.015534039
1997,2,19790,DL,2,0.03274313
1988,8,19977,UA,2,0.021585226
1997,2,19977,UA,2,0.020859322
1988,8,20355,US,2,0.0531428
1988,9,19393,WN,2,0.020281356
1997,2,20355,US,2,0.02121996
1997,3,19393,WN,2,0.027067643
2010,9,19393,WN,2,0.012289572
2010,8,20355,US,2,0.009278213
1997,1,19393,WN,2,0.03472323
1988,7,19790,DL,2,0.027274217
1988,7,19805,AA,2,0.02072112
1997,1,19790,DL,2,0.03473997
1988,7,19977,UA,2,0.024543388
2010,7,19790,DL,2,0.014032589
2010,7,19805,AA,2,0.010242414
2010,7,19977,UA,2,0.004666222
1997,1,19977,UA,2,0.023712724
1988,7,20355,US,2,0.05116378
1988,8,19393,WN,2,0.016245358
2010,7,20355,US,2,0.009736462
2010,8,19393,WN,2,0.012302473
1988,10,19805,AA,2,0.024216097
2010,10,19790,DL,2,0.0121483505
1988,10,19790,DL,2,0.029148638
2010,10,19805,AA,2,0.0080616595
1997,4,19805,AA,2,0.013193779
1997,4,19790,DL,2,0.030821111
1988,10,19977,UA,2,0.021669818
1997,4,19977,UA,2,0.016317884
2010,10,19977,UA,2,0.004499971
2010,11,19393,WN,2,0.015478371
2010,10,20355,US,2,0.010117947
1988,11,19393,WN,2,0.030903103
1988,10,20355,US,2,0.047116384
1997,4,20355,US,2,0.021844083
1997,5,19393,WN,2,0.021923378
2010,9,19790,DL,2,0.01216006
2010,9,19805,AA,2,0.008556738
1988,9,19805,AA,2,0.02049001
1988,9,19790,DL,2,0.030495394
2010,9,19977,UA,2,0.0043117646
1997,3,19790,DL,2,0.033017132
1988,9,19977,UA,2,0.019602865
1997,3,19805,AA,2,0.013735764
1997,3,19977,UA,2,0.017900003
1988,9,20355,US,2,0.041140746
1988,10,19393,WN,2,0.024822518
2010,9,20355,US,2,0.009825106
2010,10,19393,WN,2,0.017381633
1997,3,20355,US,2,0.01917224
1997,4,19393,WN,2,0.024846237
2010,12,19977,UA,2,0.0053828144
2010,12,19790,DL,2,0.01445297
2010,12,19805,AA,2,0.009090621
1997,6,19805,AA,2,0.014649864
1997,6,19790,DL,2,0.036093626
1988,12,19977,UA,2,0.026007675
1997,6,19977,UA,2,0.024839131
1988,12,20355,US,2,0.038840495
1997,6,20355,US,2,0.025207119
1997,7,19393,WN,2,0.022687964
2010,12,20355,US,2,0.011655181
2006,1,19393,WN,2,0.011556964
1988,11,19805,AA,2,0.023996169
1988,11,19790,DL,2,0.038584262
1997,5,19790,DL,2,0.027322602
1988,11,19977,UA,2,0.022572335
2010,11,19790,DL,2,0.012701521
2010,11,19805,AA,2,0.007976107
1997,5,19805,AA,2,0.011186423
2010,11,19977,UA,2,0.004104655
1997,5,19977,UA,2,0.018120123
2010,11,20355,US,2,0.01081193
2010,12,19393,WN,2,0.018022105
1988,11,20355,US,2,0.037678722
1988,12,19393,WN,2,0.03234927
1997,5,20355,US,2,0.020401329
1997,6,19393,WN,2,0.02526325
1988,12,19805,AA,2,0.025087273
1988,12,19790,DL,2,0.040753443
1997,8,19805,AA,2,0.010348114
1997,8,19790,DL,2,0.032625526
1997,8,19977,UA,2,0.024048736
2006,2,19805,AA,2,0.011284942
2006,2,19790,DL,2,0.015148641
2006,2,19977,UA,2,0.0098863505
1997,8,20355,US,2,0.023141451
1997,9,19393,WN,2,0.017890206
2006,2,20355,US,2,0.0134331575
2006,3,19393,WN,2,0.013327381
1997,9,19790,DL,2,0.02671524
1997,7,19790,DL,2,0.034847766
1997,7,19805,AA,2,0.011555376
2006,1,19805,AA,2,0.010669298
2006,1,19790,DL,2,0.013866198
1997,7,19977,UA,2,0.025063327
2006,1,19977,UA,2,0.010531772
1997,8,19393,WN,2,0.023541303
1997,7,20355,US,2,0.025389642
2006,1,20355,US,2,0.0123117445
2006,2,19393,WN,2,0.01304238
1997,10,19977,UA,2,0.02094286
2006,4,19805,AA,2,0.011274633
2006,4,19790,DL,2,0.012818222
2006,4,19977,UA,2,0.010251311
1997,10,20355,US,2,0.017922925
1997,11,19393,WN,2,0.023149665
2006,4,20355,US,2,0.0126401
2006,5,19393,WN,2,0.01407228
1997,11,19790,DL,2,0.028546859
1997,11,19805,AA,2,0.012956706
1997,9,19805,AA,2,0.009940589
2006,3,19805,AA,2,0.010994739
2006,3,19790,DL,2,0.013034376
1997,9,19977,UA,2,0.019147735
2006,3,19977,UA,2,0.011914795
1997,9,20355,US,2,0.01765436
1997,10,19393,WN,2,0.023609566
2006,3,20355,US,2,0.012612994
2006,4,19393,WN,2,0.012790569
1997,10,19805,AA,2,0.011749849
1997,10,19790,DL,2,0.028973116
2006,6,19805,AA,2,0.011644785
2006,6,19790,DL,2,0.013304127
2006,6,19977,UA,2,0.012229303
1997,12,20355,US,2,0.023795392
2006,6,20355,US,2,0.014718908
2006,7,19393,WN,2,0.015631562
1993,1,19393,WN,2,0.026465667
2015,1,19393,WN,2,0.013152648
2006,7,19805,AA,2,0.011766909
2006,7,19790,DL,2,0.013743265
2006,5,19805,AA,2,0.010897231
2006,5,19790,DL,2,0.011527242
1997,11,19977,UA,2,0.017566424
2006,5,19977,UA,2,0.012251784
1997,11,20355,US,2,0.022174567
1997,12,19393,WN,2,0.0271754
2006,5,20355,US,2,0.013014986
2006,6,19393,WN,2,0.01622697
1997,12,19790,DL,2,0.029894533
1997,12,19977,UA,2,0.021855166
2006,8,19977,UA,2,0.009993391
1993,2,19805,AA,2,0.019151617
1993,2,19790,DL,2,0.039021328
1993,2,19977,UA,2,0.02127469
2015,2,19790,DL,2,0.010881918
2015,2,19805,AA,2,0.010361884
2015,2,19977,UA,2,0.010005384
2006,8,20355,US,2,0.013688687
2006,9,19393,WN,2,0.012117068
1993,2,20355,US,2,0.021476617
1993,3,19393,WN,2,0.0245126
2015,2,20355,US,2,0.012116726
2015,3,19393,WN,2,0.012322124
2006,9,19805,AA,2,0.010496646
2006,9,19790,DL,2,0.015391348
1993,3,19790,DL,2,0.042008273
1993,1,19790,DL,2,0.037809577
2015,1,19790,DL,2,0.0085762795
2015,1,19805,AA,2,0.010734321
2006,7,19977,UA,2,0.011418516
1993,1,19805,AA,2,0.018855177
1993,1,19977,UA,2,0.021975992
2015,1,19977,UA,2,0.009149169
2015,2,19393,WN,2,0.013347869
2015,1,20355,US,2,0.011473203
2006,7,20355,US,2,0.013499559
2006,8,19393,WN,2,0.013263892
1993,2,19393,WN,2,0.025656756
1993,1,20355,US,2,0.023033883
2006,8,19805,AA,2,0.010365926
2006,8,19790,DL,2,0.0125982845
1993,4,19977,UA,2,0.019565402
2015,4,19977,UA,2,0.0069986302
2006,10,20355,US,2,0.015772177
2006,11,19393,WN,2,0.014248423
1993,4,20355,US,2,0.020809723
1993,5,19393,WN,2,0.017635332
2015,4,20355,US,2,0.010677973
2015,5,19393,WN,2,0.011031544
2006,11,19805,AA,2,0.011348905
2006,11,19790,DL,2,0.016099434
1993,5,19790,DL,2,0.03298992
2015,5,19790,DL,2,0.0075065405
2015,5,19805,AA,2,0.0080532925
1993,5,19805,AA,2,0.021680243
2006,11,19977,UA,2,0.010587722
2015,3,19977,UA,2,0.00811158
2006,9,19977,UA,2,0.011987752
1993,3,19805,AA,2,0.024364898
2015,3,19790,DL,2,0.010280761
2015,3,19805,AA,2,0.009775821
1993,3,19977,UA,2,0.02473568
2006,9,20355,US,2,0.013607731
2006,10,19393,WN,2,0.01377463
1993,4,19393,WN,2,0.020321535
1993,3,20355,US,2,0.021657487
2015,3,20355,US,2,0.010618991
2015,4,19393,WN,2,0.010375041
2006,10,19805,AA,2,0.010810754
2015,4,19790,DL,2,0.00950367
2006,10,19790,DL,2,0.018584428
2015,4,19805,AA,2,0.007728287
2006,10,19977,UA,2,0.011378544
1993,4,19805,AA,2,0.022638904
1993,4,19790,DL,2,0.034814063
2015,6,19977,UA,2,0.008998309
2006,12,20355,US,2,0.018493388
1993,6,20355,US,2,0.01747049
1993,7,19393,WN,2,0.015496416
2015,6,20355,US,2,0.010581188
2015,7,19393,WN,2,0.012892177
2002,1,19393,WN,2,0.01499164
1993,7,19790,DL,2,0.034057453
2015,7,19977,UA,2,0.007389686
1993,7,19805,AA,2,0.016820071
2002,1,19805,AA,2,0.010188266
2015,7,19790,DL,2,0.009002547
2002,1,19790,DL,2,0.020303758
2015,7,19805,AA,2,0.0076560206
1993,7,19977,UA,2,0.019325342
1993,5,19977,UA,2,0.018701188
2015,5,19977,UA,2,0.0079509625
2015,6,19393,WN,2,0.014283992
2015,5,20355,US,2,0.008699865
2006,11,20355,US,2,0.017561743
2006,12,19393,WN,2,0.015030958
1993,6,19393,WN,2,0.020714654
1993,5,20355,US,2,0.016538862
2006,12,19805,AA,2,0.012749186
2006,12,19790,DL,2,0.012141187
1993,6,19805,AA,2,0.02002157
2006,12,19977,UA,2,0.012002134
1993,6,19790,DL,2,0.03544673
1993,6,19977,UA,2,0.01950113
2015,6,19790,DL,2,0.00980462
2015,6,19805,AA,2,0.0076963427
2002,2,19977,UA,2,0.012068324
1993,8,20355,US,2,0.01943755
1993,9,19393,WN,2,0.015896691
2015,9,19393,WN,2,0.009304584
2002,3,19393,WN,2,0.017672114
2002,2,20355,US,2,0.014854531
1993,9,19790,DL,2,0.03369399
2015,9,19790,DL,2,0.007281549
2015,9,19805,AA,2,0.0066576186
1993,9,19805,AA,2,0.014149661
2002,3,19805,AA,2,0.009990103
2002,3,19790,DL,2,0.021392848
1993,9,19977,UA,2,0.016227985
2015,9,19977,UA,2,0.0055239336
2002,1,19977,UA,2,0.014366113
1993,7,20355,US,2,0.017504139
1993,8,19393,WN,2,0.015889129
2015,8,19393,WN,2,0.011220164
2015,8,19790,DL,2,0.008422986
2015,8,19805,AA,2,0.007427527
2002,1,20355,US,2,0.013150695
2002,2,19393,WN,2,0.014411169
1993,8,19805,AA,2,0.017285863
1993,8,19790,DL,2,0.036364734
1993,8,19977,UA,2,0.019535603
2015,8,19977,UA,2,0.0069052796
2002,2,19805,AA,2,0.009642435
2002,2,19790,DL,2,0.01867123
1993,10,20355,US,2,0.02115673
1993,11,19393,WN,2,0.023706
2002,4,20355,US,2,0.015819581
2002,5,19393,WN,2,0.0130688455
1993,11,19790,DL,2,0.0370458
1993,11,19805,AA,2,0.014281144
2002,5,19805,AA,2,0.008984423
2002,5,19790,DL,2,0.020357575
1993,11,19977,UA,2,0.019442262
2002,5,19977,UA,2,0.010208187
2015,10,19393,WN,2,0.010367924
2002,3,19977,UA,2,0.012787286
1993,10,19393,WN,2,0.025027188
1993,9,20355,US,2,0.020235974
2002,3,20355,US,2,0.014938413
2002,4,19393,WN,2,0.012512312
1993,10,19805,AA,2,0.015141958
1993,10,19790,DL,2,0.03730629
1993,10,19977,UA,2,0.01765762
2015,10,19790,DL,2,0.006785596
2015,10,19805,AA,2,0.0071065547
2002,4,19805,AA,2,0.008858976
2002,4,19790,DL,2,0.022544965
2015,10,19977,UA,2,0.005206425
2002,4,19977,UA,2,0.010663164
