0,-51.643
0,-47.664
0,-42.472
0,-41.806
0,-41.691
0,-39.325
0,-38.525
0,-38.148
0,-37.668
0,-37.456
0,-37.398
0,-37.065
0,-36.835
0,-36.577
0,-36.353
0,-36.037
0,-35.702
0,-35.277
0,-35.251
0,-34.703
0,-34.162
0,-34.033
0,-33.662
0,-33.595
0,-33.364
1,-33.045
1,-32.987
1,-32.934
1,-32.887
1,-32.874
1,-32.742
1,-32.637
1,-32.586
1,-32.535
1,-32.339
1,-32.331
1,-32.238
1,-32.166
1,-32.033
1,-32.017
1,-31.982
1,-31.708
1,-31.412
1,-31.391
1,-31.346
1,-31.127
1,-31.109
1,-30.978
1,-30.925
1,-30.894
1,-30.893
1,-30.854
1,-30.82
1,-30.726
1,-30.712
1,-30.676
1,-30.53
1,-30.478
1,-30.387
1,-30.381
1,-30.293
1,-30.285
1,-30.249
1,-30.22
1,-30.18
1,-30.14
1,-30.089
1,-29.999
1,-29.793
1,-29.75
1,-29.692
1,-29.521
1,-29.51
1,-29.407
1,-29.378
1,-29.374
1,-29.342
1,-29.331
1,-29.295
1,-29.153
1,-29.128
1,-29.106
1,-29.084
1,-29.054
1,-28.95
1,-28.946
1,-28.603
1,-28.547
1,-28.536
1,-28.506
1,-28.475
1,-28.431
1,-28.416
1,-28.406
1,-28.347
1,-28.346
1,-28.327
1,-28.25
1,-28.231
1,-28.215
1,-28.2
1,-28.197
1,-28.19
1,-28.158
1,-28.138
1,-28.107
1,-28.096
1,-27.942
1,-27.905
1,-27.885
1,-27.863
1,-27.858
1,-27.845
1,-27.815
1,-27.806
1,-27.755
1,-27.754
1,-27.749
1,-27.748
1,-27.737
1,-27.706
1,-27.685
1,-27.621
1,-27.564
1,-27.513
1,-27.433
1,-27.369
1,-27.336
1,-27.284
1,-27.24
1,-27.239
1,-27.115
1,-27.019
1,-27.016
1,-27.011
1,-26.997
1,-26.928
1,-26.862
1,-26.845
1,-26.772
1,-26.765
1,-26.7
1,-26.688
1,-26.675
1,-26.646
1,-26.631
1,-26.626
1,-26.597
1,-26.589
1,-26.527
1,-26.514
1,-26.469
1,-26.458
1,-26.455
1,-26.44
1,-26.393
1,-26.383
1,-26.358
1,-26.356
1,-26.343
1,-26.312
1,-26.309
1,-26.288
1,-26.266
1,-26.246
1,-26.236
1,-26.232
1,-26.128
1,-26.062
1,-26.045
1,-26.045
1,-26.024
1,-25.924
1,-25.895
1,-25.822
1,-25.752
1,-25.745
1,-25.736
1,-25.698
1,-25.694
1,-25.678
1,-25.677
1,-25.671
1,-25.661
1,-25.654
1,-25.651
1,-25.63
1,-25.613
1,-25.604
1,-25.585
1,-25.556
1,-25.521
1,-25.499
1,-25.471
1,-25.458
1,-25.452
1,-25.431
1,-25.416
1,-25.395
1,-25.369
1,-25.368
1,-25.359
1,-25.349
1,-25.342
1,-25.342
1,-25.266
1,-25.26
1,-25.221
1,-25.205
1,-25.163
1,-25.146
1,-25.127
1,-25.106
1,-25.063
1,-25.056
1,-25.038
1,-24.997
1,-24.997
1,-24.991
1,-24.986
1,-24.98
1,-24.953
1,-24.905
1,-24.904
1,-24.901
1,-24.877
1,-24.838
1,-24.83
1,-24.81
1,-24.802
1,-24.774
1,-24.773
1,-24.732
1,-24.729
1,-24.72
1,-24.705
1,-24.669
1,-24.651
1,-24.647
1,-24.633
1,-24.597
1,-24.57
1,-24.568
1,-24.522
1,-24.516
1,-24.457
1,-24.447
1,-24.436
1,-24.424
1,-24.422
1,-24.399
1,-24.385
1,-24.35
1,-24.341
1,-24.327
1,-24.321
1,-24.308
1,-24.25
1,-24.22
1,-24.2
1,-24.19
1,-24.188
1,-24.14
1,-24.112
1,-24.106
1,-24.082
1,-24.057
1,-24.012
1,-24.009
1,-23.996
1,-23.988
1,-23.977
1,-23.966
1,-23.964
1,-23.949
1,-23.94
1,-23.923
1,-23.907
1,-23.893
1,-23.876
1,-23.874
1,-23.815
1,-23.779
1,-23.771
1,-23.73
1,-23.707
1,-23.69
1,-23.685
1,-23.685
1,-23.684
1,-23.637
1,-23.611
1,-23.596
1,-23.593
1,-23.581
1,-23.577
1,-23.576
1,-23.563
1,-23.555
1,-23.549
1,-23.538
1,-23.527
1,-23.519
1,-23.476
1,-23.465
1,-23.461
1,-23.44
1,-23.419
1,-23.374
1,-23.367
1,-23.366
1,-23.347
1,-23.333
1,-23.246
1,-23.214
1,-23.212
1,-23.202
1,-23.178
1,-23.172
1,-23.161
1,-23.155
1,-23.15
1,-23.149
1,-23.145
1,-23.129
1,-23.129
1,-23.112
1,-23.109
1,-23.095
1,-23.086
1,-23.045
1,-23.042
1,-23.041
1,-23.03
1,-23.012
1,-23.005
1,-22.999
1,-22.965
1,-22.937
1,-22.904
1,-22.875
1,-22.825
1,-22.812
1,-22.803
1,-22.788
1,-22.786
1,-22.785
1,-22.752
1,-22.737
1,-22.737
1,-22.729
1,-22.721
1,-22.715
1,-22.71
1,-22.694
1,-22.659
1,-22.646
1,-22.645
1,-22.55
1,-22.54
1,-22.517
1,-22.507
1,-22.504
1,-22.504
1,-22.492
1,-22.474
1,-22.457
1,-22.435
1,-22.42
1,-22.42
1,-22.417
1,-22.404
1,-22.386
1,-22.384
1,-22.377
1,-22.377
1,-22.359
1,-22.356
1,-22.35
1,-22.34
1,-22.289
1,-22.28
1,-22.272
1,-22.271
1,-22.258
1,-22.255
1,-22.235
1,-22.226
1,-22.214
1,-22.196
1,-22.196
1,-22.187
1,-22.184
1,-22.177
1,-22.166
1,-22.153
1,-22.152
1,-22.115
1,-22.104
1,-22.102
1,-22.088
1,-22.083
1,-22.083
1,-22.074
1,-22.073
1,-22.06
1,-22.033
1,-22.016
1,-21.999
1,-21.997
1,-21.978
1,-21.978
1,-21.969
1,-21.925
1,-21.916
1,-21.908
1,-21.881
1,-21.874
1,-21.858
1,-21.854
1,-21.852
1,-21.835
1,-21.835
1,-21.82
1,-21.787
1,-21.782
1,-21.781
1,-21.779
1,-21.763
1,-21.761
1,-21.723
1,-21.716
1,-21.694
1,-21.69
1,-21.685
1,-21.669
1,-21.63
1,-21.623
1,-21.601
1,-21.593
1,-21.585
1,-21.585
1,-21.569
1,-21.552
1,-21.533
1,-21.523
1,-21.519
1,-21.515
1,-21.511
1,-21.506
1,-21.501
1,-21.498
1,-21.491
1,-21.49
1,-21.488
1,-21.463
1,-21.45
1,-21.439
1,-21.437
1,-21.429
1,-21.418
1,-21.412
1,-21.403
1,-21.394
1,-21.392
1,-21.361
1,-21.361
1,-21.343
1,-21.339
1,-21.307
1,-21.304
1,-21.277
1,-21.254
1,-21.25
1,-21.207
1,-21.186
1,-21.177
1,-21.166
1,-21.161
1,-21.141
1,-21.141
1,-21.14
1,-21.115
1,-21.091
1,-21.085
1,-21.08
1,-21.061
1,-21.056
1,-21.052
1,-21.039
1,-21.036
1,-21.032
1,-21.031
1,-21.011
1,-20.975
1,-20.974
1,-20.97
1,-20.964
1,-20.958
1,-20.934
1,-20.931
1,-20.911
1,-20.884
1,-20.879
1,-20.869
1,-20.869
1,-20.868
1,-20.865
1,-20.856
1,-20.848
1,-20.847
1,-20.846
1,-20.845
1,-20.842
1,-20.832
1,-20.831
1,-20.826
1,-20.823
1,-20.819
1,-20.816
1,-20.803
1,-20.779
1,-20.767
1,-20.754
1,-20.74
1,-20.737
1,-20.731
1,-20.731
1,-20.729
1,-20.698
1,-20.696
1,-20.691
1,-20.678
1,-20.678
1,-20.665
1,-20.656
1,-20.639
1,-20.607
1,-20.594
1,-20.58
1,-20.578
1,-20.575
1,-20.551
1,-20.55
1,-20.541
1,-20.536
1,-20.524
1,-20.523
1,-20.519
1,-20.499
1,-20.496
1,-20.491
1,-20.446
1,-20.444
1,-20.42
1,-20.418
1,-20.406
1,-20.394
1,-20.373
1,-20.359
1,-20.349
1,-20.349
1,-20.343
1,-20.335
1,-20.327
1,-20.32
1,-20.302
1,-20.288
1,-20.284
1,-20.282
1,-20.282
1,-20.274
1,-20.269
1,-20.259
1,-20.251
1,-20.247
1,-20.246
1,-20.243
1,-20.226
1,-20.193
1,-20.18
1,-20.178
1,-20.174
1,-20.172
1,-20.142
1,-20.142
1,-20.139
1,-20.11
1,-20.106
1,-20.105
1,-20.105
1,-20.101
1,-20.088
1,-20.082
1,-20.077
1,-20.075
1,-20.067
1,-20.058
1,-20.055
1,-20.026
1,-20.02
1,-20.02
1,-20.009
1,-19.995
1,-19.991
1,-19.99
1,-19.976
1,-19.97
1,-19.963
1,-19.944
1,-19.941
1,-19.938
1,-19.933
1,-19.933
1,-19.928
1,-19.92
1,-19.907
1,-19.897
1,-19.884
1,-19.877
1,-19.87
1,-19.869
1,-19.852
1,-19.834
1,-19.821
1,-19.819
1,-19.817
1,-19.814
1,-19.809
1,-19.802
1,-19.797
1,-19.794
1,-19.777
1,-19.776
1,-19.775
1,-19.771
1,-19.769
1,-19.76
1,-19.751
1,-19.744
1,-19.736
1,-19.725
1,-19.697
1,-19.67
1,-19.664
1,-19.662
1,-19.661
1,-19.65
1,-19.64
1,-19.634
1,-19.633
1,-19.61
1,-19.61
1,-19.602
1,-19.597
1,-19.586
1,-19.585
1,-19.583
1,-19.572
1,-19.569
1,-19.569
1,-19.547
1,-19.544
1,-19.514
1,-19.492
1,-19.488
1,-19.478
1,-19.468
1,-19.461
1,-19.454
1,-19.453
1,-19.452
1,-19.449
1,-19.411
1,-19.408
1,-19.407
1,-19.406
1,-19.404
1,-19.397
1,-19.397
1,-19.376
1,-19.368
1,-19.365
1,-19.36
1,-19.345
1,-19.345
1,-19.34
1,-19.308
1,-19.306
1,-19.304
1,-19.303
1,-19.297
1,-19.293
1,-19.273
1,-19.271
1,-19.27
1,-19.27
1,-19.263
1,-19.252
1,-19.242
1,-19.24
1,-19.239
1,-19.233
1,-19.212
1,-19.196
1,-19.195
1,-19.174
1,-19.173
1,-19.164
1,-19.157
1,-19.137
1,-19.121
1,-19.115
1,-19.07
1,-19.052
1,-19.015
1,-19.002
1,-18.995
1,-18.994
1,-18.993
1,-18.986
1,-18.981
1,-18.969
1,-18.967
1,-18.942
1,-18.935
1,-18.933
1,-18.922
1,-18.91
1,-18.909
1,-18.899
1,-18.896
1,-18.891
1,-18.891
1,-18.871
1,-18.865
1,-18.863
1,-18.86
1,-18.859
1,-18.854
1,-18.852
1,-18.83
1,-18.826
1,-18.822
1,-18.818
1,-18.812
1,-18.803
1,-18.799
1,-18.798
1,-18.797
1,-18.786
1,-18.765
1,-18.75
1,-18.745
1,-18.742
1,-18.724
1,-18.719
1,-18.713
1,-18.712
1,-18.703
1,-18.7
1,-18.7
1,-18.697
1,-18.697
1,-18.696
1,-18.696
1,-18.692
1,-18.692
1,-18.682
1,-18.681
1,-18.679
1,-18.679
1,-18.674
1,-18.671
1,-18.662
1,-18.65
1,-18.638
1,-18.637
1,-18.636
1,-18.628
1,-18.626
1,-18.626
1,-18.623
1,-18.619
1,-18.612
1,-18.604
1,-18.581
1,-18.58
1,-18.576
1,-18.57
1,-18.533
1,-18.529
1,-18.526
1,-18.524
1,-18.519
1,-18.516
1,-18.5
1,-18.498
1,-18.497
1,-18.495
1,-18.479
1,-18.473
1,-18.466
1,-18.464
1,-18.463
1,-18.454
1,-18.449
1,-18.446
1,-18.427
1,-18.421
1,-18.41
1,-18.406
1,-18.397
1,-18.389
1,-18.379
1,-18.36
1,-18.354
1,-18.352
1,-18.349
1,-18.342
1,-18.341
1,-18.341
1,-18.34
1,-18.339
1,-18.338
1,-18.335
1,-18.335
1,-18.328
1,-18.327
1,-18.321
1,-18.32
1,-18.312
1,-18.302
1,-18.299
1,-18.283
1,-18.276
1,-18.272
1,-18.263
1,-18.261
1,-18.254
1,-18.245
1,-18.226
1,-18.226
1,-18.22
1,-18.208
1,-18.206
1,-18.203
1,-18.199
1,-18.197
1,-18.184
1,-18.184
1,-18.183
1,-18.179
1,-18.169
1,-18.169
1,-18.161
1,-18.152
1,-18.149
1,-18.148
1,-18.147
1,-18.146
1,-18.119
1,-18.118
1,-18.114
1,-18.114
1,-18.105
1,-18.095
1,-18.086
1,-18.063
1,-18.063
1,-18.054
1,-18.054
1,-18.051
1,-18.044
1,-18.03
1,-18.025
1,-18.018
1,-18.014
1,-18.006
1,-18.002
1,-17.985
1,-17.977
1,-17.962
1,-17.958
1,-17.955
1,-17.954
1,-17.944
1,-17.944
1,-17.943
1,-17.941
1,-17.938
1,-17.929
1,-17.92
1,-17.916
1,-17.914
1,-17.913
1,-17.913
1,-17.91
1,-17.91
1,-17.9
1,-17.898
1,-17.896
1,-17.886
1,-17.881
1,-17.88
1,-17.877
1,-17.876
1,-17.876
1,-17.865
1,-17.864
1,-17.855
1,-17.85
1,-17.846
1,-17.84
1,-17.839
1,-17.838
1,-17.83
1,-17.825
1,-17.816
1,-17.813
1,-17.81
1,-17.806
1,-17.805
1,-17.805
1,-17.795
1,-17.793
1,-17.777
1,-17.772
1,-17.763
1,-17.763
1,-17.756
1,-17.746
1,-17.73
1,-17.729
1,-17.728
1,-17.726
1,-17.725
1,-17.722
1,-17.714
1,-17.712
1,-17.7
1,-17.699
1,-17.684
1,-17.68
1,-17.677
1,-17.67
1,-17.669
1,-17.667
1,-17.665
1,-17.664
1,-17.661
1,-17.661
1,-17.647
1,-17.635
1,-17.629
1,-17.624
1,-17.623
1,-17.621
1,-17.611
1,-17.611
1,-17.609
1,-17.608
1,-17.604
1,-17.604
1,-17.604
1,-17.59
1,-17.588
1,-17.569
1,-17.55
1,-17.549
1,-17.548
1,-17.548
1,-17.532
1,-17.528
1,-17.527
1,-17.522
1,-17.522
1,-17.518
1,-17.516
1,-17.514
1,-17.51
1,-17.502
1,-17.496
1,-17.495
1,-17.493
1,-17.492
1,-17.472
1,-17.471
1,-17.471
1,-17.471
1,-17.462
1,-17.455
1,-17.452
1,-17.45
1,-17.448
1,-17.437
1,-17.431
1,-17.43
1,-17.428
1,-17.425
1,-17.424
1,-17.422
1,-17.419
1,-17.399
1,-17.389
1,-17.382
1,-17.379
1,-17.369
1,-17.363
1,-17.36
1,-17.346
1,-17.346
1,-17.337
1,-17.336
1,-17.332
1,-17.33
1,-17.325
1,-17.321
1,-17.319
1,-17.317
1,-17.317
1,-17.315
1,-17.315
1,-17.312
1,-17.309
1,-17.308
1,-17.307
1,-17.306
1,-17.302
1,-17.294
1,-17.293
1,-17.289
1,-17.285
1,-17.279
1,-17.276
1,-17.271
1,-17.27
1,-17.266
1,-17.263
1,-17.253
1,-17.242
1,-17.241
1,-17.241
1,-17.231
1,-17.225
1,-17.222
1,-17.216
1,-17.214
1,-17.204
1,-17.198
1,-17.193
1,-17.186
1,-17.186
1,-17.181
1,-17.172
1,-17.17
1,-17.169
1,-17.169
1,-17.165
1,-17.16
1,-17.154
1,-17.15
1,-17.148
1,-17.135
1,-17.13
1,-17.127
1,-17.126
1,-17.124
1,-17.123
1,-17.114
1,-17.112
1,-17.1
1,-17.089
1,-17.087
1,-17.081
1,-17.08
1,-17.075
1,-17.074
1,-17.073
1,-17.065
1,-17.058
1,-17.057
1,-17.053
1,-17.045
1,-17.041
1,-17.032
1,-17.019
1,-17.014
1,-17.001
1,-16.994
1,-16.972
1,-16.968
1,-16.968
1,-16.964
1,-16.963
1,-16.961
1,-16.958
1,-16.945
1,-16.945
1,-16.942
1,-16.941
1,-16.937
1,-16.934
1,-16.923
1,-16.922
1,-16.904
1,-16.895
1,-16.892
1,-16.891
1,-16.889
1,-16.886
1,-16.884
1,-16.877
1,-16.87
1,-16.866
1,-16.865
1,-16.865
1,-16.864
1,-16.862
1,-16.858
1,-16.855
1,-16.853
1,-16.853
1,-16.849
1,-16.844
1,-16.834
1,-16.831
1,-16.83
1,-16.822
1,-16.808
1,-16.8
1,-16.797
1,-16.796
1,-16.794
1,-16.775
1,-16.765
1,-16.764
1,-16.758
1,-16.757
1,-16.755
1,-16.755
1,-16.753
1,-16.748
1,-16.739
1,-16.735
1,-16.724
1,-16.715
1,-16.71
1,-16.709
1,-16.708
1,-16.705
1,-16.701
1,-16.696
1,-16.692
1,-16.691
1,-16.69
1,-16.69
1,-16.686
1,-16.685
1,-16.685
1,-16.683
1,-16.683
1,-16.682
1,-16.678
1,-16.676
1,-16.673
1,-16.663
1,-16.657
1,-16.657
1,-16.643
1,-16.627
1,-16.626
1,-16.619
1,-16.618
1,-16.611
1,-16.603
1,-16.6
1,-16.6
1,-16.599
1,-16.597
1,-16.595
1,-16.595
1,-16.589
1,-16.584
1,-16.582
1,-16.558
1,-16.554
1,-16.553
1,-16.553
1,-16.548
1,-16.547
1,-16.538
1,-16.536
1,-16.536
1,-16.532
1,-16.532
1,-16.531
1,-16.527
1,-16.522
1,-16.521
1,-16.516
1,-16.51
1,-16.508
1,-16.504
1,-16.503
1,-16.498
1,-16.489
1,-16.489
1,-16.487
1,-16.486
1,-16.481
1,-16.479
1,-16.477
1,-16.472
1,-16.469
1,-16.468
1,-16.465
1,-16.459
1,-16.456
1,-16.454
1,-16.453
1,-16.45
1,-16.445
1,-16.444
1,-16.438
1,-16.433
1,-16.43
1,-16.427
1,-16.425
1,-16.422
1,-16.41
1,-16.409
1,-16.408
1,-16.407
1,-16.407
1,-16.404
1,-16.402
1,-16.399
1,-16.398
1,-16.397
1,-16.394
1,-16.39
1,-16.389
1,-16.389
1,-16.387
1,-16.386
1,-16.376
1,-16.375
1,-16.372
1,-16.359
1,-16.358
1,-16.358
1,-16.357
1,-16.336
1,-16.334
1,-16.333
1,-16.327
1,-16.326
1,-16.325
1,-16.323
1,-16.322
1,-16.314
1,-16.313
1,-16.311
1,-16.308
1,-16.307
1,-16.307
1,-16.301
1,-16.297
1,-16.294
1,-16.292
1,-16.285
1,-16.28
1,-16.275
1,-16.274
1,-16.271
1,-16.265
1,-16.263
1,-16.262
1,-16.261
1,-16.253
1,-16.252
1,-16.246
1,-16.243
1,-16.241
1,-16.239
1,-16.238
1,-16.229
1,-16.227
1,-16.223
1,-16.218
1,-16.216
1,-16.215
1,-16.21
1,-16.21
1,-16.205
1,-16.198
1,-16.196
1,-16.188
1,-16.183
1,-16.183
1,-16.181
1,-16.176
1,-16.176
1,-16.174
1,-16.169
1,-16.165
1,-16.163
1,-16.161
1,-16.159
1,-16.156
1,-16.154
1,-16.154
1,-16.151
1,-16.142
1,-16.141
1,-16.137
1,-16.136
1,-16.118
1,-16.117
1,-16.113
1,-16.113
1,-16.113
1,-16.111
1,-16.111
1,-16.111
1,-16.11
1,-16.107
1,-16.105
1,-16.104
1,-16.104
1,-16.102
1,-16.086
1,-16.079
1,-16.079
1,-16.079
1,-16.077
1,-16.077
1,-16.077
1,-16.076
1,-16.069
1,-16.067
1,-16.063
1,-16.062
1,-16.059
1,-16.056
1,-16.055
1,-16.051
1,-16.05
1,-16.039
1,-16.037
1,-16.034
1,-16.031
1,-16.031
1,-16.021
1,-16.021
1,-16.017
1,-16.016
1,-16.008
1,-16.007
1,-16.006
1,-15.998
1,-15.995
1,-15.993
1,-15.993
1,-15.991
1,-15.987
1,-15.975
1,-15.972
1,-15.971
1,-15.969
1,-15.968
1,-15.967
1,-15.966
1,-15.965
1,-15.963
1,-15.962
1,-15.959
1,-15.953
1,-15.95
1,-15.941
1,-15.94
1,-15.933
1,-15.93
1,-15.926
1,-15.926
1,-15.925
1,-15.918
1,-15.915
1,-15.913
1,-15.912
1,-15.912
1,-15.911
1,-15.909
1,-15.901
1,-15.893
1,-15.893
1,-15.892
1,-15.89
1,-15.89
1,-15.889
1,-15.88
1,-15.879
1,-15.879
1,-15.878
1,-15.873
1,-15.872
1,-15.872
1,-15.872
1,-15.863
1,-15.857
1,-15.857
1,-15.855
1,-15.855
1,-15.854
1,-15.853
1,-15.852
1,-15.849
1,-15.845
1,-15.838
1,-15.835
1,-15.835
1,-15.832
1,-15.83
1,-15.828
1,-15.82
1,-15.817
1,-15.813
1,-15.812
1,-15.81
1,-15.808
1,-15.806
1,-15.799
1,-15.798
1,-15.794
1,-15.79
1,-15.788
1,-15.787
1,-15.784
1,-15.783
1,-15.783
1,-15.782
1,-15.777
1,-15.776
1,-15.775
1,-15.761
1,-15.759
1,-15.757
1,-15.755
1,-15.754
1,-15.751
1,-15.737
1,-15.736
1,-15.734
1,-15.734
1,-15.733
1,-15.732
1,-15.732
1,-15.73
1,-15.726
1,-15.717
1,-15.717
1,-15.716
1,-15.713
1,-15.712
1,-15.71
1,-15.698
1,-15.693
1,-15.689
1,-15.686
1,-15.686
1,-15.685
1,-15.682
1,-15.673
1,-15.672
1,-15.672
1,-15.668
1,-15.665
1,-15.663
1,-15.661
1,-15.655
1,-15.653
1,-15.649
1,-15.647
1,-15.646
1,-15.644
1,-15.636
1,-15.636
1,-15.632
1,-15.631
1,-15.631
1,-15.631
1,-15.624
1,-15.622
1,-15.618
1,-15.615
1,-15.61
1,-15.609
1,-15.608
1,-15.606
1,-15.605
1,-15.603
1,-15.6
1,-15.6
1,-15.6
1,-15.599
1,-15.598
1,-15.591
1,-15.59
1,-15.586
1,-15.585
1,-15.582
1,-15.581
1,-15.581
1,-15.578
1,-15.574
1,-15.572
1,-15.571
1,-15.567
1,-15.555
1,-15.55
1,-15.546
1,-15.545
1,-15.545
1,-15.542
1,-15.541
1,-15.54
1,-15.529
1,-15.525
1,-15.525
1,-15.519
1,-15.516
1,-15.512
1,-15.511
1,-15.511
1,-15.508
1,-15.506
1,-15.506
1,-15.502
1,-15.498
1,-15.497
1,-15.497
1,-15.494
1,-15.494
1,-15.493
1,-15.49
1,-15.489
1,-15.479
1,-15.478
1,-15.476
1,-15.474
1,-15.469
1,-15.469
1,-15.467
1,-15.466
1,-15.459
1,-15.456
1,-15.45
1,-15.448
1,-15.447
1,-15.442
1,-15.439
1,-15.437
1,-15.433
1,-15.431
1,-15.429
1,-15.428
1,-15.419
1,-15.417
1,-15.416
1,-15.413
1,-15.412
1,-15.409
1,-15.406
1,-15.406
1,-15.404
1,-15.402
1,-15.391
1,-15.39
1,-15.386
1,-15.383
1,-15.382
1,-15.37
1,-15.358
1,-15.357
1,-15.355
1,-15.354
1,-15.351
1,-15.344
1,-15.342
1,-15.339
1,-15.339
1,-15.336
1,-15.335
1,-15.329
1,-15.324
1,-15.321
1,-15.316
1,-15.315
1,-15.314
1,-15.314
1,-15.309
1,-15.305
1,-15.304
1,-15.303
1,-15.299
1,-15.284
1,-15.279
1,-15.279
1,-15.279
1,-15.276
1,-15.272
1,-15.268
1,-15.263
1,-15.252
1,-15.251
1,-15.244
1,-15.242
1,-15.241
1,-15.237
1,-15.235
1,-15.234
1,-15.233
1,-15.226
1,-15.226
1,-15.222
1,-15.221
1,-15.218
1,-15.209
1,-15.202
1,-15.202
1,-15.2
1,-15.199
1,-15.198
1,-15.193
1,-15.189
1,-15.188
1,-15.182
1,-15.176
1,-15.175
1,-15.167
1,-15.164
1,-15.163
1,-15.161
1,-15.159
1,-15.152
1,-15.15
1,-15.149
1,-15.149
1,-15.148
1,-15.145
1,-15.144
1,-15.137
1,-15.135
1,-15.135
1,-15.134
1,-15.121
1,-15.118
1,-15.118
1,-15.111
1,-15.102
1,-15.096
1,-15.095
1,-15.089
1,-15.086
1,-15.086
1,-15.085
1,-15.084
1,-15.081
1,-15.08
1,-15.076
1,-15.069
1,-15.064
1,-15.062
1,-15.059
1,-15.05
1,-15.046
1,-15.046
1,-15.037
1,-15.036
1,-15.033
1,-15.029
1,-15.02
1,-15.019
1,-15.019
1,-15.018
1,-15.018
1,-15.016
1,-15.015
1,-15.011
1,-15.01
1,-15.008
1,-15.007
1,-15.006
1,-15.002
1,-15.001
1,-15.001
1,-15.0
1,-14.989
1,-14.988
1,-14.98
1,-14.979
1,-14.979
1,-14.977
1,-14.977
1,-14.966
1,-14.966
1,-14.966
1,-14.964
1,-14.963
1,-14.962
1,-14.957
1,-14.956
1,-14.953
1,-14.952
1,-14.948
1,-14.947
1,-14.946
1,-14.946
1,-14.945
1,-14.942
1,-14.941
1,-14.934
1,-14.932
1,-14.931
1,-14.928
1,-14.927
1,-14.925
1,-14.923
1,-14.922
1,-14.919
1,-14.912
1,-14.908
1,-14.908
1,-14.904
1,-14.897
1,-14.897
1,-14.893
1,-14.891
1,-14.89
1,-14.886
1,-14.886
1,-14.883
1,-14.883
1,-14.881
1,-14.881
1,-14.876
1,-14.876
1,-14.874
1,-14.873
1,-14.873
1,-14.873
1,-14.87
1,-14.866
1,-14.863
1,-14.857
1,-14.856
1,-14.855
1,-14.853
1,-14.853
1,-14.85
1,-14.849
1,-14.848
1,-14.848
1,-14.845
1,-14.843
1,-14.84
1,-14.837
1,-14.835
1,-14.835
1,-14.832
1,-14.822
1,-14.819
1,-14.818
1,-14.816
1,-14.811
1,-14.809
1,-14.808
1,-14.807
1,-14.807
1,-14.803
1,-14.8
1,-14.799
1,-14.798
1,-14.794
1,-14.79
1,-14.775
1,-14.773
1,-14.77
1,-14.768
1,-14.767
1,-14.761
1,-14.759
1,-14.755
1,-14.751
1,-14.748
1,-14.744
1,-14.744
1,-14.743
1,-14.737
1,-14.736
1,-14.736
1,-14.729
1,-14.728
1,-14.727
1,-14.726
1,-14.72
1,-14.714
1,-14.712
1,-14.711
1,-14.707
1,-14.706
1,-14.701
1,-14.698
1,-14.696
1,-14.696
1,-14.695
1,-14.689
1,-14.688
1,-14.683
1,-14.682
1,-14.677
1,-14.676
1,-14.669
1,-14.669
1,-14.668
1,-14.668
1,-14.665
1,-14.663
1,-14.66
1,-14.659
1,-14.658
1,-14.656
1,-14.655
1,-14.655
1,-14.647
1,-14.645
1,-14.641
1,-14.641
1,-14.64
1,-14.639
1,-14.636
1,-14.635
1,-14.631
1,-14.629
1,-14.627
1,-14.626
1,-14.621
1,-14.618
1,-14.618
1,-14.616
1,-14.613
1,-14.612
1,-14.612
1,-14.606
1,-14.604
1,-14.6
1,-14.587
1,-14.586
1,-14.585
1,-14.582
1,-14.579
1,-14.573
1,-14.57
1,-14.563
1,-14.562
1,-14.554
1,-14.553
1,-14.547
1,-14.544
1,-14.544
1,-14.544
1,-14.535
1,-14.528
1,-14.527
1,-14.526
1,-14.525
1,-14.523
1,-14.519
1,-14.517
1,-14.512
1,-14.511
1,-14.51
1,-14.509
1,-14.507
1,-14.502
1,-14.498
1,-14.497
1,-14.493
1,-14.492
1,-14.489
1,-14.489
1,-14.481
1,-14.479
1,-14.477
1,-14.476
1,-14.475
1,-14.472
1,-14.471
1,-14.469
1,-14.467
1,-14.466
1,-14.457
1,-14.451
1,-14.449
1,-14.447
1,-14.445
1,-14.445
1,-14.443
1,-14.442
1,-14.441
1,-14.441
1,-14.44
1,-14.438
1,-14.438
1,-14.434
1,-14.431
1,-14.431
1,-14.43
1,-14.43
1,-14.422
1,-14.421
1,-14.419
1,-14.419
1,-14.409
1,-14.406
1,-14.406
1,-14.403
1,-14.402
1,-14.401
1,-14.4
1,-14.399
1,-14.393
1,-14.383
1,-14.383
1,-14.38
1,-14.377
1,-14.375
1,-14.374
1,-14.373
1,-14.373
1,-14.372
1,-14.369
1,-14.367
1,-14.365
1,-14.364
1,-14.363
1,-14.361
1,-14.361
1,-14.36
1,-14.36
1,-14.359
1,-14.355
1,-14.35
1,-14.344
1,-14.343
1,-14.342
1,-14.338
1,-14.338
1,-14.334
1,-14.334
1,-14.328
1,-14.322
1,-14.32
1,-14.319
1,-14.316
1,-14.314
1,-14.313
1,-14.309
1,-14.305
1,-14.305
1,-14.302
1,-14.301
1,-14.3
1,-14.299
1,-14.299
1,-14.296
1,-14.293
1,-14.293
1,-14.292
1,-14.292
1,-14.29
1,-14.286
1,-14.283
1,-14.281
1,-14.28
1,-14.28
1,-14.28
1,-14.276
1,-14.275
1,-14.274
1,-14.264
1,-14.263
1,-14.262
1,-14.259
1,-14.258
1,-14.257
1,-14.254
1,-14.254
1,-14.253
1,-14.252
1,-14.249
1,-14.248
1,-14.245
1,-14.243
1,-14.241
1,-14.241
1,-14.237
1,-14.236
1,-14.234
1,-14.234
1,-14.233
1,-14.233
1,-14.232
1,-14.23
1,-14.225
1,-14.223
1,-14.218
1,-14.217
1,-14.213
1,-14.206
1,-14.199
1,-14.199
1,-14.194
1,-14.188
1,-14.188
1,-14.181
1,-14.18
1,-14.179
1,-14.179
1,-14.178
1,-14.175
1,-14.175
1,-14.173
1,-14.173
1,-14.173
1,-14.172
1,-14.166
1,-14.166
1,-14.165
1,-14.165
1,-14.16
1,-14.159
1,-14.158
1,-14.157
1,-14.155
1,-14.153
1,-14.152
1,-14.15
1,-14.15
1,-14.148
1,-14.135
1,-14.129
1,-14.123
1,-14.122
1,-14.12
1,-14.12
1,-14.117
1,-14.113
1,-14.109
1,-14.107
1,-14.107
1,-14.103
1,-14.101
1,-14.1
1,-14.1
1,-14.095
1,-14.094
1,-14.094
1,-14.094
1,-14.09
1,-14.089
1,-14.089
1,-14.088
1,-14.079
1,-14.073
1,-14.071
1,-14.064
1,-14.064
1,-14.061
1,-14.058
1,-14.057
1,-14.056
1,-14.05
1,-14.05
1,-14.048
1,-14.048
1,-14.043
1,-14.042
1,-14.041
1,-14.041
1,-14.04
1,-14.039
1,-14.037
1,-14.031
1,-14.03
1,-14.03
1,-14.023
1,-14.023
1,-14.022
1,-14.02
1,-14.015
1,-14.014
1,-14.014
1,-14.009
1,-14.007
1,-14.002
1,-14.002
1,-13.995
1,-13.992
1,-13.991
1,-13.987
1,-13.984
1,-13.984
1,-13.983
1,-13.98
1,-13.977
1,-13.974
1,-13.971
1,-13.963
1,-13.963
1,-13.961
1,-13.959
1,-13.959
1,-13.949
1,-13.948
1,-13.943
1,-13.943
1,-13.941
1,-13.939
1,-13.935
1,-13.928
1,-13.924
1,-13.921
1,-13.921
1,-13.916
1,-13.915
1,-13.915
1,-13.915
1,-13.91
1,-13.91
1,-13.908
1,-13.906
1,-13.906
1,-13.901
1,-13.898
1,-13.896
1,-13.895
1,-13.892
1,-13.891
1,-13.89
1,-13.887
1,-13.885
1,-13.881
1,-13.879
1,-13.879
1,-13.878
1,-13.876
1,-13.873
1,-13.873
1,-13.87
1,-13.869
1,-13.865
1,-13.856
1,-13.855
1,-13.852
1,-13.85
1,-13.846
1,-13.845
1,-13.844
1,-13.844
1,-13.842
1,-13.841
1,-13.839
1,-13.839
1,-13.836
1,-13.832
1,-13.828
1,-13.827
1,-13.826
1,-13.826
1,-13.823
1,-13.822
1,-13.818
1,-13.818
1,-13.817
1,-13.816
1,-13.816
1,-13.812
1,-13.807
1,-13.806
1,-13.805
1,-13.805
1,-13.798
1,-13.797
1,-13.795
1,-13.792
1,-13.785
1,-13.781
1,-13.781
1,-13.778
1,-13.777
1,-13.776
1,-13.774
1,-13.774
1,-13.771
1,-13.77
1,-13.767
1,-13.767
1,-13.765
1,-13.763
1,-13.763
1,-13.762
1,-13.758
1,-13.757
1,-13.753
1,-13.752
1,-13.751
1,-13.75
1,-13.75
1,-13.749
1,-13.743
1,-13.742
1,-13.739
1,-13.718
1,-13.717
1,-13.716
1,-13.715
1,-13.713
1,-13.711
1,-13.71
1,-13.708
1,-13.706
1,-13.705
1,-13.703
1,-13.702
1,-13.7
1,-13.692
1,-13.691
1,-13.691
1,-13.688
1,-13.686
1,-13.683
1,-13.679
1,-13.675
1,-13.668
1,-13.666
1,-13.664
1,-13.662
1,-13.659
1,-13.657
1,-13.651
1,-13.645
1,-13.644
1,-13.644
1,-13.637
1,-13.637
1,-13.637
1,-13.633
1,-13.632
1,-13.63
1,-13.629
1,-13.629
1,-13.629
1,-13.627
1,-13.626
1,-13.624
1,-13.616
1,-13.615
1,-13.615
1,-13.615
1,-13.615
1,-13.615
1,-13.613
1,-13.613
1,-13.61
1,-13.608
1,-13.607
1,-13.607
1,-13.606
1,-13.605
1,-13.603
1,-13.601
1,-13.599
1,-13.592
1,-13.592
1,-13.589
1,-13.589
1,-13.587
1,-13.585
1,-13.579
1,-13.578
1,-13.577
1,-13.575
1,-13.573
1,-13.57
1,-13.569
1,-13.567
1,-13.562
1,-13.559
1,-13.559
1,-13.558
1,-13.558
1,-13.557
1,-13.556
1,-13.554
1,-13.552
1,-13.551
1,-13.551
1,-13.548
1,-13.546
1,-13.546
1,-13.54
1,-13.54
1,-13.538
1,-13.538
1,-13.537
1,-13.535
1,-13.533
1,-13.533
1,-13.53
1,-13.528
1,-13.527
1,-13.526
1,-13.526
1,-13.525
1,-13.524
1,-13.522
1,-13.522
1,-13.52
1,-13.515
1,-13.512
1,-13.51
1,-13.509
1,-13.506
1,-13.505
1,-13.505
1,-13.501
1,-13.5
1,-13.496
1,-13.495
1,-13.491
1,-13.488
1,-13.486
1,-13.486
1,-13.485
1,-13.485
1,-13.484
1,-13.483
1,-13.483
1,-13.482
1,-13.481
1,-13.481
1,-13.478
1,-13.476
1,-13.474
1,-13.473
1,-13.47
1,-13.47
1,-13.467
1,-13.462
1,-13.462
1,-13.459
1,-13.456
1,-13.456
1,-13.455
1,-13.454
1,-13.452
1,-13.45
1,-13.45
1,-13.448
1,-13.443
1,-13.435
1,-13.434
1,-13.434
1,-13.431
1,-13.427
1,-13.425
1,-13.425
1,-13.422
1,-13.42
1,-13.419
1,-13.419
1,-13.414
1,-13.411
1,-13.404
1,-13.4
1,-13.4
1,-13.399
1,-13.397
1,-13.394
1,-13.391
1,-13.389
1,-13.386
1,-13.383
1,-13.382
1,-13.379
1,-13.374
1,-13.366
1,-13.362
1,-13.362
1,-13.358
1,-13.354
1,-13.353
1,-13.353
1,-13.352
1,-13.35
1,-13.347
1,-13.345
1,-13.342
1,-13.341
1,-13.339
1,-13.339
1,-13.338
1,-13.336
1,-13.333
1,-13.332
1,-13.331
1,-13.33
1,-13.328
1,-13.327
1,-13.324
1,-13.323
1,-13.322
1,-13.321
1,-13.319
1,-13.318
1,-13.316
1,-13.316
1,-13.311
1,-13.308
1,-13.308
1,-13.308
1,-13.306
1,-13.306
1,-13.305
1,-13.298
1,-13.297
1,-13.296
1,-13.295
1,-13.294
1,-13.291
1,-13.289
1,-13.287
1,-13.286
1,-13.278
1,-13.278
1,-13.277
1,-13.277
1,-13.276
1,-13.276
1,-13.275
1,-13.27
1,-13.269
1,-13.266
1,-13.265
1,-13.262
1,-13.261
1,-13.259
1,-13.256
1,-13.256
1,-13.254
1,-13.253
1,-13.251
1,-13.25
1,-13.25
1,-13.248
1,-13.247
1,-13.242
1,-13.239
1,-13.234
1,-13.232
1,-13.231
1,-13.229
1,-13.229
1,-13.227
1,-13.224
1,-13.214
1,-13.213
1,-13.21
1,-13.209
1,-13.209
1,-13.207
1,-13.207
1,-13.206
1,-13.205
1,-13.202
1,-13.196
1,-13.192
1,-13.192
1,-13.19
1,-13.186
1,-13.18
1,-13.179
1,-13.178
1,-13.176
1,-13.174
1,-13.173
1,-13.173
1,-13.164
1,-13.163
1,-13.159
1,-13.159
1,-13.159
1,-13.158
1,-13.157
1,-13.152
1,-13.149
1,-13.149
1,-13.148
1,-13.143
1,-13.143
1,-13.142
1,-13.141
1,-13.139
1,-13.136
1,-13.136
1,-13.135
1,-13.135
1,-13.135
1,-13.134
1,-13.132
1,-13.129
1,-13.129
1,-13.12
1,-13.12
1,-13.115
1,-13.114
1,-13.111
1,-13.11
1,-13.103
1,-13.102
1,-13.098
1,-13.097
1,-13.095
1,-13.093
1,-13.092
1,-13.086
1,-13.084
1,-13.083
1,-13.083
1,-13.08
1,-13.08
1,-13.078
1,-13.075
1,-13.075
1,-13.074
1,-13.06
1,-13.057
1,-13.056
1,-13.053
1,-13.051
1,-13.051
1,-13.05
1,-13.047
1,-13.04
1,-13.04
1,-13.038
1,-13.035
1,-13.03
1,-13.029
1,-13.027
1,-13.026
1,-13.025
1,-13.024
1,-13.018
1,-13.017
1,-13.017
1,-13.016
1,-13.015
1,-13.014
1,-13.013
1,-13.012
1,-13.012
1,-13.01
1,-13.008
1,-13.006
1,-13.005
1,-13.004
1,-13.002
1,-13.002
1,-12.998
1,-12.998
1,-12.998
1,-12.997
1,-12.995
1,-12.995
1,-12.995
1,-12.994
1,-12.993
1,-12.992
1,-12.992
1,-12.991
1,-12.99
1,-12.99
1,-12.99
1,-12.988
1,-12.987
1,-12.987
1,-12.986
1,-12.983
1,-12.982
1,-12.981
1,-12.98
1,-12.98
1,-12.977
1,-12.972
1,-12.969
1,-12.968
1,-12.968
1,-12.967
1,-12.967
1,-12.967
1,-12.965
1,-12.965
1,-12.964
1,-12.963
1,-12.958
1,-12.958
1,-12.958
1,-12.957
1,-12.957
1,-12.957
1,-12.955
1,-12.951
1,-12.948
1,-12.948
1,-12.948
1,-12.945
1,-12.941
1,-12.941
1,-12.939
1,-12.939
1,-12.936
1,-12.935
1,-12.935
1,-12.935
1,-12.931
1,-12.93
1,-12.928
1,-12.924
1,-12.923
1,-12.922
1,-12.921
1,-12.919
1,-12.919
1,-12.917
1,-12.916
1,-12.914
1,-12.912
1,-12.911
1,-12.91
1,-12.908
1,-12.908
1,-12.908
1,-12.907
1,-12.903
1,-12.898
1,-12.896
1,-12.896
1,-12.893
1,-12.892
1,-12.892
1,-12.891
1,-12.891
1,-12.884
1,-12.883
1,-12.882
1,-12.881
1,-12.88
1,-12.88
1,-12.878
1,-12.878
1,-12.876
1,-12.872
1,-12.869
1,-12.863
1,-12.861
1,-12.859
1,-12.853
1,-12.852
1,-12.85
1,-12.847
1,-12.845
1,-12.844
1,-12.839
1,-12.839
1,-12.838
1,-12.838
1,-12.838
1,-12.836
1,-12.836
1,-12.835
1,-12.831
1,-12.831
1,-12.828
1,-12.827
1,-12.826
1,-12.824
1,-12.82
1,-12.818
1,-12.818
1,-12.818
1,-12.816
1,-12.813
1,-12.813
1,-12.811
1,-12.81
1,-12.808
1,-12.806
1,-12.804
1,-12.802
1,-12.8
1,-12.798
1,-12.798
1,-12.797
1,-12.797
1,-12.796
1,-12.796
1,-12.793
1,-12.793
1,-12.793
1,-12.789
1,-12.785
1,-12.783
1,-12.781
1,-12.779
1,-12.778
1,-12.778
1,-12.772
1,-12.772
1,-12.772
1,-12.77
1,-12.77
1,-12.769
1,-12.767
1,-12.763
1,-12.755
1,-12.752
1,-12.75
1,-12.75
1,-12.749
1,-12.748
1,-12.748
1,-12.746
1,-12.745
1,-12.744
1,-12.743
1,-12.742
1,-12.741
1,-12.738
1,-12.733
1,-12.732
1,-12.73
1,-12.727
1,-12.723
1,-12.717
1,-12.716
1,-12.715
1,-12.714
1,-12.712
1,-12.712
1,-12.712
1,-12.711
1,-12.71
1,-12.708
1,-12.708
1,-12.705
1,-12.704
1,-12.7
1,-12.693
1,-12.692
1,-12.692
1,-12.69
1,-12.69
1,-12.688
1,-12.686
1,-12.686
1,-12.686
1,-12.685
1,-12.685
1,-12.685
1,-12.682
1,-12.682
1,-12.679
1,-12.677
1,-12.675
1,-12.673
1,-12.673
1,-12.671
1,-12.67
1,-12.67
1,-12.668
1,-12.667
1,-12.665
1,-12.665
1,-12.664
1,-12.663
1,-12.66
1,-12.658
1,-12.657
1,-12.654
1,-12.653
1,-12.652
1,-12.652
1,-12.651
1,-12.649
1,-12.647
1,-12.645
1,-12.643
1,-12.637
1,-12.637
1,-12.634
1,-12.632
1,-12.632
1,-12.626
1,-12.625
1,-12.624
1,-12.624
1,-12.623
1,-12.62
1,-12.62
1,-12.617
1,-12.617
1,-12.614
1,-12.611
1,-12.611
1,-12.602
1,-12.602
1,-12.601
1,-12.597
1,-12.597
1,-12.596
1,-12.595
1,-12.593
1,-12.589
1,-12.586
1,-12.585
1,-12.584
1,-12.584
1,-12.584
1,-12.581
1,-12.577
1,-12.577
1,-12.576
1,-12.575
1,-12.574
1,-12.569
1,-12.567
1,-12.565
1,-12.562
1,-12.558
1,-12.555
1,-12.552
1,-12.551
1,-12.551
1,-12.55
1,-12.548
1,-12.547
1,-12.546
1,-12.546
1,-12.541
1,-12.538
1,-12.538
1,-12.535
1,-12.534
1,-12.532
1,-12.532
1,-12.53
1,-12.53
1,-12.529
1,-12.528
1,-12.527
1,-12.525
1,-12.519
1,-12.518
1,-12.518
1,-12.518
1,-12.518
1,-12.517
1,-12.517
1,-12.515
1,-12.512
1,-12.509
1,-12.508
1,-12.507
1,-12.505
1,-12.504
1,-12.502
1,-12.5
1,-12.497
1,-12.495
1,-12.494
1,-12.494
1,-12.493
1,-12.492
1,-12.489
1,-12.485
1,-12.484
1,-12.483
1,-12.48
1,-12.474
1,-12.473
1,-12.472
1,-12.471
1,-12.469
1,-12.469
1,-12.469
1,-12.469
1,-12.468
1,-12.466
1,-12.464
1,-12.464
1,-12.463
1,-12.455
1,-12.455
1,-12.452
1,-12.451
1,-12.449
1,-12.446
1,-12.442
1,-12.442
1,-12.442
1,-12.441
1,-12.439
1,-12.439
1,-12.437
1,-12.437
1,-12.436
1,-12.436
1,-12.432
1,-12.43
1,-12.43
1,-12.427
1,-12.422
1,-12.421
1,-12.42
1,-12.418
1,-12.418
1,-12.417
1,-12.415
1,-12.412
1,-12.411
1,-12.411
1,-12.409
1,-12.407
1,-12.399
1,-12.398
1,-12.397
1,-12.396
1,-12.392
1,-12.391
1,-12.389
1,-12.387
1,-12.385
1,-12.384
1,-12.383
1,-12.382
1,-12.382
1,-12.38
1,-12.378
1,-12.377
1,-12.375
1,-12.374
1,-12.373
1,-12.373
1,-12.371
1,-12.37
1,-12.37
1,-12.369
1,-12.368
1,-12.367
1,-12.366
1,-12.361
1,-12.361
1,-12.36
1,-12.36
1,-12.359
1,-12.359
1,-12.354
1,-12.352
1,-12.35
1,-12.347
1,-12.347
1,-12.346
1,-12.346
1,-12.345
1,-12.345
1,-12.338
1,-12.338
1,-12.338
1,-12.332
1,-12.332
1,-12.33
1,-12.328
1,-12.328
1,-12.328
1,-12.326
1,-12.325
1,-12.325
1,-12.324
1,-12.324
1,-12.321
1,-12.319
1,-12.316
1,-12.316
1,-12.314
1,-12.308
1,-12.307
1,-12.302
1,-12.301
1,-12.299
1,-12.298
1,-12.297
1,-12.293
1,-12.29
1,-12.289
1,-12.287
1,-12.283
1,-12.28
1,-12.28
1,-12.279
1,-12.274
1,-12.272
1,-12.271
1,-12.27
1,-12.269
1,-12.266
1,-12.266
1,-12.265
1,-12.262
1,-12.26
1,-12.26
1,-12.256
1,-12.256
1,-12.256
1,-12.256
1,-12.256
1,-12.253
1,-12.246
1,-12.246
1,-12.246
1,-12.245
1,-12.242
1,-12.241
1,-12.24
1,-12.239
1,-12.237
1,-12.235
1,-12.235
1,-12.231
1,-12.23
1,-12.228
1,-12.22
1,-12.22
1,-12.219
1,-12.217
1,-12.215
1,-12.211
1,-12.21
1,-12.209
1,-12.209
1,-12.209
1,-12.206
1,-12.205
1,-12.198
1,-12.197
1,-12.195
1,-12.193
1,-12.193
1,-12.192
1,-12.187
1,-12.186
1,-12.186
1,-12.183
1,-12.183
1,-12.183
1,-12.182
1,-12.178
1,-12.178
1,-12.177
1,-12.176
1,-12.175
1,-12.174
1,-12.173
1,-12.172
1,-12.172
1,-12.169
1,-12.169
1,-12.166
1,-12.166
1,-12.162
1,-12.162
1,-12.161
1,-12.161
1,-12.16
1,-12.16
1,-12.159
1,-12.158
1,-12.157
1,-12.153
1,-12.15
1,-12.149
1,-12.147
1,-12.146
1,-12.145
1,-12.144
1,-12.142
1,-12.141
1,-12.141
1,-12.139
1,-12.138
1,-12.135
1,-12.135
1,-12.128
1,-12.126
1,-12.125
1,-12.123
1,-12.121
1,-12.12
1,-12.119
1,-12.118
1,-12.114
1,-12.114
1,-12.113
1,-12.108
1,-12.102
1,-12.102
1,-12.101
1,-12.1
1,-12.1
1,-12.098
1,-12.098
1,-12.094
1,-12.091
1,-12.09
1,-12.088
1,-12.087
1,-12.086
1,-12.084
1,-12.083
1,-12.078
1,-12.077
1,-12.068
1,-12.068
1,-12.067
1,-12.066
1,-12.066
1,-12.065
1,-12.063
1,-12.063
1,-12.062
1,-12.061
1,-12.061
1,-12.061
1,-12.057
1,-12.055
1,-12.054
1,-12.054
1,-12.053
1,-12.044
1,-12.043
1,-12.042
1,-12.041
1,-12.041
1,-12.039
1,-12.034
1,-12.032
1,-12.031
1,-12.026
1,-12.024
1,-12.022
1,-12.02
1,-12.019
1,-12.015
1,-12.013
1,-12.011
1,-12.01
1,-12.009
1,-12.009
1,-12.008
1,-12.007
1,-12.006
1,-12.005
1,-12.004
1,-12.004
1,-12.0
1,-12.0
1,-11.999
1,-11.999
1,-11.998
1,-11.996
1,-11.996
1,-11.992
1,-11.992
1,-11.992
1,-11.991
1,-11.987
1,-11.985
1,-11.982
1,-11.98
1,-11.977
1,-11.976
1,-11.975
1,-11.973
1,-11.97
1,-11.97
1,-11.969
1,-11.968
1,-11.965
1,-11.963
1,-11.961
1,-11.96
1,-11.96
1,-11.958
1,-11.957
1,-11.956
1,-11.954
1,-11.954
1,-11.953
1,-11.951
1,-11.951
1,-11.95
1,-11.949
1,-11.947
1,-11.947
1,-11.947
1,-11.947
1,-11.947
1,-11.946
1,-11.943
1,-11.943
1,-11.942
1,-11.941
1,-11.939
1,-11.938
1,-11.937
1,-11.937
1,-11.936
1,-11.933
1,-11.931
1,-11.928
1,-11.927
1,-11.927
1,-11.926
1,-11.924
1,-11.923
1,-11.922
1,-11.922
1,-11.92
1,-11.918
1,-11.918
1,-11.914
1,-11.912
1,-11.91
1,-11.91
1,-11.907
1,-11.906
1,-11.906
1,-11.905
1,-11.902
1,-11.902
1,-11.901
1,-11.899
1,-11.899
1,-11.897
1,-11.895
1,-11.893
1,-11.887
1,-11.883
1,-11.883
1,-11.881
1,-11.881
1,-11.88
1,-11.879
1,-11.878
1,-11.878
1,-11.877
1,-11.877
1,-11.876
1,-11.876
1,-11.875
1,-11.87
1,-11.869
1,-11.868
1,-11.867
1,-11.865
1,-11.865
1,-11.864
1,-11.863
1,-11.861
1,-11.861
1,-11.857
1,-11.854
1,-11.852
1,-11.851
1,-11.851
1,-11.846
1,-11.841
1,-11.837
1,-11.837
1,-11.836
1,-11.835
1,-11.832
1,-11.83
1,-11.829
1,-11.828
1,-11.828
1,-11.826
1,-11.824
1,-11.822
1,-11.814
1,-11.814
1,-11.813
1,-11.813
1,-11.812
1,-11.812
1,-11.81
1,-11.809
1,-11.809
1,-11.807
1,-11.806
1,-11.804
1,-11.803
1,-11.803
1,-11.799
1,-11.798
1,-11.796
1,-11.795
1,-11.793
1,-11.791
1,-11.786
1,-11.786
1,-11.783
1,-11.778
1,-11.777
1,-11.776
1,-11.774
1,-11.772
1,-11.769
1,-11.769
1,-11.769
1,-11.768
1,-11.766
1,-11.765
1,-11.763
1,-11.761
1,-11.761
1,-11.761
1,-11.76
1,-11.756
1,-11.751
1,-11.749
1,-11.743
1,-11.74
1,-11.737
1,-11.733
1,-11.732
1,-11.73
1,-11.727
1,-11.727
1,-11.726
1,-11.724
1,-11.724
1,-11.723
1,-11.723
1,-11.723
1,-11.719
1,-11.719
1,-11.718
1,-11.718
1,-11.714
1,-11.714
1,-11.712
1,-11.711
1,-11.71
1,-11.71
1,-11.71
1,-11.708
1,-11.708
1,-11.706
1,-11.706
1,-11.705
1,-11.704
1,-11.704
1,-11.703
1,-11.703
1,-11.702
1,-11.696
1,-11.695
1,-11.693
1,-11.691
1,-11.689
1,-11.689
1,-11.688
1,-11.688
1,-11.688
1,-11.685
1,-11.685
1,-11.685
1,-11.68
1,-11.68
1,-11.677
1,-11.675
1,-11.675
1,-11.672
1,-11.669
1,-11.667
1,-11.667
1,-11.663
1,-11.661
1,-11.661
1,-11.658
1,-11.657
1,-11.655
1,-11.655
1,-11.651
1,-11.651
1,-11.649
1,-11.647
1,-11.642
1,-11.642
1,-11.638
1,-11.638
1,-11.637
1,-11.636
1,-11.634
1,-11.627
1,-11.622
1,-11.621
1,-11.619
1,-11.616
1,-11.613
1,-11.613
1,-11.611
1,-11.61
1,-11.61
1,-11.607
1,-11.607
1,-11.603
1,-11.603
1,-11.601
1,-11.599
1,-11.596
1,-11.596
1,-11.595
1,-11.594
1,-11.594
1,-11.591
1,-11.59
1,-11.59
1,-11.588
1,-11.588
1,-11.584
1,-11.582
1,-11.58
1,-11.579
1,-11.576
1,-11.576
1,-11.575
1,-11.574
1,-11.574
1,-11.574
1,-11.573
1,-11.568
1,-11.567
1,-11.556
1,-11.556
1,-11.555
1,-11.554
1,-11.554
1,-11.553
1,-11.552
1,-11.552
1,-11.551
1,-11.549
1,-11.547
1,-11.542
1,-11.54
1,-11.539
1,-11.537
1,-11.536
1,-11.536
1,-11.536
1,-11.535
1,-11.534
1,-11.534
1,-11.533
1,-11.531
1,-11.531
1,-11.531
1,-11.528
1,-11.528
1,-11.524
1,-11.524
1,-11.522
1,-11.519
1,-11.518
1,-11.516
1,-11.516
1,-11.516
1,-11.514
1,-11.514
1,-11.512
1,-11.51
1,-11.51
1,-11.508
1,-11.508
1,-11.506
1,-11.504
1,-11.502
1,-11.498
1,-11.498
1,-11.496
1,-11.494
1,-11.494
1,-11.49
1,-11.49
1,-11.488
1,-11.487
1,-11.485
1,-11.484
1,-11.482
1,-11.48
1,-11.479
1,-11.477
1,-11.476
1,-11.473
1,-11.472
1,-11.471
1,-11.47
1,-11.47
1,-11.467
1,-11.462
1,-11.462
1,-11.459
1,-11.459
1,-11.451
1,-11.451
1,-11.448
1,-11.448
1,-11.446
1,-11.443
1,-11.443
1,-11.442
1,-11.441
1,-11.44
1,-11.437
1,-11.437
1,-11.433
1,-11.432
1,-11.429
1,-11.429
1,-11.428
1,-11.428
1,-11.425
1,-11.425
1,-11.416
1,-11.415
1,-11.415
1,-11.413
1,-11.411
1,-11.41
1,-11.404
1,-11.404
1,-11.403
1,-11.403
1,-11.403
1,-11.403
1,-11.401
1,-11.4
1,-11.398
1,-11.398
1,-11.393
1,-11.389
1,-11.383
1,-11.382
1,-11.382
1,-11.38
1,-11.38
1,-11.38
1,-11.38
1,-11.378
1,-11.378
1,-11.375
1,-11.373
1,-11.372
1,-11.371
1,-11.368
1,-11.368
1,-11.367
1,-11.366
1,-11.366
1,-11.362
1,-11.36
1,-11.359
1,-11.357
1,-11.356
1,-11.355
1,-11.349
1,-11.345
1,-11.341
1,-11.341
1,-11.34
1,-11.339
1,-11.338
1,-11.336
1,-11.335
1,-11.335
1,-11.333
1,-11.333
1,-11.331
1,-11.326
1,-11.326
1,-11.324
1,-11.323
1,-11.323
1,-11.321
1,-11.321
1,-11.32
1,-11.319
1,-11.318
1,-11.316
1,-11.315
1,-11.314
1,-11.314
1,-11.313
1,-11.31
1,-11.31
1,-11.302
1,-11.301
1,-11.3
1,-11.298
1,-11.298
1,-11.292
1,-11.291
1,-11.29
1,-11.29
1,-11.286
1,-11.284
1,-11.283
1,-11.281
1,-11.278
1,-11.277
1,-11.273
1,-11.273
1,-11.271
1,-11.261
1,-11.26
1,-11.258
1,-11.257
1,-11.255
1,-11.255
1,-11.255
1,-11.253
1,-11.252
1,-11.242
1,-11.242
1,-11.241
1,-11.236
1,-11.234
1,-11.231
1,-11.229
1,-11.224
1,-11.222
1,-11.222
1,-11.221
1,-11.219
1,-11.216
1,-11.215
1,-11.215
1,-11.213
1,-11.213
1,-11.212
1,-11.212
1,-11.21
1,-11.207
1,-11.206
1,-11.202
1,-11.199
1,-11.199
1,-11.197
1,-11.197
1,-11.197
1,-11.194
1,-11.19
1,-11.19
1,-11.188
1,-11.187
1,-11.186
1,-11.185
1,-11.179
1,-11.178
1,-11.172
1,-11.168
1,-11.166
1,-11.166
1,-11.164
1,-11.164
1,-11.163
1,-11.163
1,-11.156
1,-11.151
1,-11.15
1,-11.149
1,-11.145
1,-11.145
1,-11.143
1,-11.14
1,-11.136
1,-11.136
1,-11.134
1,-11.133
1,-11.132
1,-11.131
1,-11.131
1,-11.13
1,-11.128
1,-11.126
1,-11.126
1,-11.124
1,-11.123
1,-11.121
1,-11.117
1,-11.113
1,-11.112
1,-11.108
1,-11.107
1,-11.106
1,-11.106
1,-11.106
1,-11.105
1,-11.105
1,-11.104
1,-11.102
1,-11.101
1,-11.101
1,-11.098
1,-11.095
1,-11.092
1,-11.092
1,-11.088
1,-11.088
1,-11.088
1,-11.085
1,-11.084
1,-11.083
1,-11.082
1,-11.08
1,-11.08
1,-11.079
1,-11.062
1,-11.061
1,-11.061
1,-11.06
1,-11.058
1,-11.058
1,-11.054
1,-11.053
1,-11.052
1,-11.051
1,-11.051
1,-11.051
1,-11.049
1,-11.048
1,-11.043
1,-11.043
1,-11.042
1,-11.041
1,-11.037
1,-11.036
1,-11.031
1,-11.027
1,-11.026
1,-11.024
1,-11.019
1,-11.018
1,-11.017
1,-11.017
1,-11.016
1,-11.013
1,-11.013
1,-11.011
1,-11.009
1,-11.008
1,-11.008
1,-11.005
1,-11.002
1,-11.0
1,-10.999
1,-10.999
1,-10.998
1,-10.998
1,-10.997
1,-10.997
1,-10.996
1,-10.992
1,-10.99
1,-10.989
1,-10.987
1,-10.985
1,-10.984
1,-10.983
1,-10.982
1,-10.981
1,-10.981
1,-10.978
1,-10.978
1,-10.977
1,-10.976
1,-10.976
1,-10.974
1,-10.971
1,-10.968
1,-10.964
1,-10.963
1,-10.962
1,-10.961
1,-10.96
1,-10.959
1,-10.958
1,-10.958
1,-10.957
1,-10.955
1,-10.955
1,-10.954
1,-10.953
1,-10.951
1,-10.948
1,-10.943
1,-10.942
1,-10.939
1,-10.938
1,-10.937
1,-10.935
1,-10.93
1,-10.925
1,-10.925
1,-10.922
1,-10.922
1,-10.919
1,-10.918
1,-10.918
1,-10.918
1,-10.917
1,-10.915
1,-10.915
1,-10.913
1,-10.91
1,-10.908
1,-10.908
1,-10.906
1,-10.906
1,-10.905
1,-10.905
1,-10.903
1,-10.901
1,-10.899
1,-10.897
1,-10.895
1,-10.893
1,-10.893
1,-10.886
1,-10.882
1,-10.882
1,-10.881
1,-10.881
1,-10.88
1,-10.879
1,-10.877
1,-10.874
1,-10.873
1,-10.872
1,-10.871
1,-10.87
1,-10.87
1,-10.868
1,-10.862
1,-10.861
1,-10.859
1,-10.857
1,-10.854
1,-10.854
1,-10.853
1,-10.851
1,-10.851
1,-10.85
1,-10.849
1,-10.849
1,-10.847
1,-10.846
1,-10.844
1,-10.844
1,-10.844
1,-10.844
1,-10.841
1,-10.837
1,-10.836
1,-10.836
1,-10.831
1,-10.829
1,-10.829
1,-10.826
1,-10.825
1,-10.824
1,-10.824
1,-10.823
1,-10.82
1,-10.819
1,-10.819
1,-10.819
1,-10.817
1,-10.817
1,-10.815
1,-10.814
1,-10.813
1,-10.813
1,-10.81
1,-10.807
1,-10.803
1,-10.803
1,-10.803
1,-10.798
1,-10.797
1,-10.796
1,-10.794
1,-10.791
1,-10.791
1,-10.789
1,-10.787
1,-10.786
1,-10.786
1,-10.786
1,-10.782
1,-10.782
1,-10.78
1,-10.777
1,-10.777
1,-10.775
1,-10.775
1,-10.775
1,-10.771
1,-10.77
1,-10.769
1,-10.768
1,-10.764
1,-10.762
1,-10.76
1,-10.76
1,-10.756
1,-10.754
1,-10.753
1,-10.752
1,-10.751
1,-10.75
1,-10.747
1,-10.745
1,-10.744
1,-10.744
1,-10.743
1,-10.742
1,-10.736
1,-10.736
1,-10.734
1,-10.733
1,-10.73
1,-10.728
1,-10.727
1,-10.721
1,-10.72
1,-10.72
1,-10.718
1,-10.715
1,-10.713
1,-10.713
1,-10.711
1,-10.709
1,-10.709
1,-10.706
1,-10.703
1,-10.703
1,-10.702
1,-10.7
1,-10.7
1,-10.7
1,-10.7
1,-10.7
1,-10.697
1,-10.696
1,-10.694
1,-10.693
1,-10.692
1,-10.691
1,-10.69
1,-10.69
1,-10.688
1,-10.688
1,-10.688
1,-10.688
1,-10.685
1,-10.685
1,-10.683
1,-10.681
1,-10.68
1,-10.679
1,-10.677
1,-10.674
1,-10.674
1,-10.672
1,-10.672
1,-10.672
1,-10.67
1,-10.67
1,-10.666
1,-10.666
1,-10.665
1,-10.665
1,-10.66
1,-10.656
1,-10.654
1,-10.653
1,-10.652
1,-10.65
1,-10.65
1,-10.649
1,-10.649
1,-10.648
1,-10.647
1,-10.647
1,-10.646
1,-10.646
1,-10.644
1,-10.644
1,-10.64
1,-10.638
1,-10.635
1,-10.635
1,-10.634
1,-10.633
1,-10.631
1,-10.631
1,-10.629
1,-10.627
1,-10.623
1,-10.623
1,-10.623
1,-10.621
1,-10.621
1,-10.62
1,-10.62
1,-10.616
1,-10.614
1,-10.614
1,-10.613
1,-10.612
1,-10.612
1,-10.611
1,-10.609
1,-10.609
1,-10.608
1,-10.607
1,-10.606
1,-10.602
1,-10.601
1,-10.6
1,-10.599
1,-10.599
1,-10.596
1,-10.592
1,-10.592
1,-10.591
1,-10.589
1,-10.589
1,-10.587
1,-10.586
1,-10.581
1,-10.578
1,-10.576
1,-10.575
1,-10.571
1,-10.57
1,-10.566
1,-10.566
1,-10.562
1,-10.562
1,-10.561
1,-10.56
1,-10.56
1,-10.558
1,-10.557
1,-10.557
1,-10.554
1,-10.553
1,-10.551
1,-10.548
1,-10.544
1,-10.543
1,-10.541
1,-10.537
1,-10.534
1,-10.529
1,-10.527
1,-10.525
1,-10.519
1,-10.518
1,-10.516
1,-10.516
1,-10.514
1,-10.512
1,-10.511
1,-10.509
1,-10.507
1,-10.507
1,-10.504
1,-10.503
1,-10.503
1,-10.502
1,-10.501
1,-10.499
1,-10.499
1,-10.499
1,-10.498
1,-10.496
1,-10.494
1,-10.491
1,-10.491
1,-10.488
1,-10.487
1,-10.486
1,-10.486
1,-10.485
1,-10.484
1,-10.484
1,-10.483
1,-10.481
1,-10.481
1,-10.478
1,-10.477
1,-10.476
1,-10.475
1,-10.474
1,-10.469
1,-10.468
1,-10.467
1,-10.466
1,-10.466
1,-10.462
1,-10.462
1,-10.459
1,-10.458
1,-10.455
1,-10.454
1,-10.453
1,-10.453
1,-10.452
1,-10.451
1,-10.451
1,-10.45
1,-10.45
1,-10.449
1,-10.449
1,-10.448
1,-10.448
1,-10.447
1,-10.447
1,-10.447
1,-10.446
1,-10.445
1,-10.444
1,-10.444
1,-10.441
1,-10.44
1,-10.44
1,-10.44
1,-10.439
1,-10.432
1,-10.432
1,-10.429
1,-10.427
1,-10.427
1,-10.426
1,-10.426
1,-10.423
1,-10.42
1,-10.42
1,-10.419
1,-10.418
1,-10.416
1,-10.415
1,-10.415
1,-10.414
1,-10.413
1,-10.412
1,-10.412
1,-10.411
1,-10.41
1,-10.409
1,-10.403
1,-10.401
1,-10.401
1,-10.401
1,-10.399
1,-10.398
1,-10.398
1,-10.393
1,-10.392
1,-10.387
1,-10.386
1,-10.386
1,-10.383
1,-10.383
1,-10.383
1,-10.381
1,-10.381
1,-10.38
1,-10.38
1,-10.377
1,-10.377
1,-10.375
1,-10.374
1,-10.373
1,-10.372
1,-10.372
1,-10.369
1,-10.369
1,-10.368
1,-10.367
1,-10.366
1,-10.363
1,-10.362
1,-10.362
1,-10.359
1,-10.358
1,-10.352
1,-10.351
1,-10.351
1,-10.348
1,-10.347
1,-10.347
1,-10.345
1,-10.344
1,-10.338
1,-10.338
1,-10.336
1,-10.333
1,-10.333
1,-10.331
1,-10.33
1,-10.329
1,-10.328
1,-10.328
1,-10.325
1,-10.325
1,-10.324
1,-10.323
1,-10.322
1,-10.321
1,-10.321
1,-10.321
1,-10.32
1,-10.319
1,-10.319
1,-10.317
1,-10.317
1,-10.316
1,-10.313
1,-10.312
1,-10.311
1,-10.308
1,-10.307
1,-10.305
1,-10.304
1,-10.303
1,-10.301
1,-10.3
1,-10.3
1,-10.297
1,-10.296
1,-10.295
1,-10.295
1,-10.294
1,-10.294
1,-10.291
1,-10.29
1,-10.289
1,-10.288
1,-10.288
1,-10.285
1,-10.285
1,-10.284
1,-10.283
1,-10.282
1,-10.277
1,-10.275
1,-10.275
1,-10.274
1,-10.274
1,-10.274
1,-10.273
1,-10.271
1,-10.271
1,-10.27
1,-10.269
1,-10.269
1,-10.267
1,-10.263
1,-10.262
1,-10.261
1,-10.261
1,-10.26
1,-10.26
1,-10.258
1,-10.258
1,-10.258
1,-10.257
1,-10.256
1,-10.252
1,-10.252
1,-10.249
1,-10.248
1,-10.247
1,-10.242
1,-10.241
1,-10.239
1,-10.239
1,-10.235
1,-10.235
1,-10.232
1,-10.232
1,-10.231
1,-10.23
1,-10.229
1,-10.228
1,-10.228
1,-10.225
1,-10.224
1,-10.223
1,-10.223
1,-10.223
1,-10.223
1,-10.222
1,-10.222
1,-10.22
1,-10.22
1,-10.219
1,-10.218
1,-10.216
1,-10.216
1,-10.215
1,-10.212
1,-10.211
1,-10.209
1,-10.208
1,-10.208
1,-10.207
1,-10.204
1,-10.204
1,-10.203
1,-10.203
1,-10.203
1,-10.202
1,-10.201
1,-10.196
1,-10.193
1,-10.19
1,-10.19
1,-10.19
1,-10.187
1,-10.187
1,-10.187
1,-10.185
1,-10.184
1,-10.182
1,-10.182
1,-10.182
1,-10.182
1,-10.181
1,-10.181
1,-10.18
1,-10.179
1,-10.179
1,-10.178
1,-10.176
1,-10.175
1,-10.174
1,-10.173
1,-10.173
1,-10.173
1,-10.172
1,-10.168
1,-10.167
1,-10.166
1,-10.165
1,-10.164
1,-10.164
1,-10.158
1,-10.157
1,-10.156
1,-10.156
1,-10.155
1,-10.152
1,-10.152
1,-10.15
1,-10.15
1,-10.149
1,-10.149
1,-10.141
1,-10.137
1,-10.136
1,-10.134
1,-10.133
1,-10.133
1,-10.133
1,-10.132
1,-10.132
1,-10.124
1,-10.118
1,-10.117
1,-10.115
1,-10.112
1,-10.112
1,-10.111
1,-10.111
1,-10.11
1,-10.104
1,-10.102
1,-10.1
1,-10.099
1,-10.098
1,-10.097
1,-10.096
1,-10.095
1,-10.095
1,-10.091
1,-10.091
1,-10.088
1,-10.088
1,-10.086
1,-10.086
1,-10.085
1,-10.084
1,-10.083
1,-10.073
1,-10.069
1,-10.069
1,-10.067
1,-10.067
1,-10.062
1,-10.062
1,-10.062
1,-10.061
1,-10.06
1,-10.06
1,-10.052
1,-10.05
1,-10.047
1,-10.047
1,-10.039
1,-10.037
1,-10.034
1,-10.034
1,-10.033
1,-10.032
1,-10.032
1,-10.031
1,-10.03
1,-10.03
1,-10.03
1,-10.027
1,-10.027
1,-10.025
1,-10.021
1,-10.021
1,-10.017
1,-10.017
1,-10.015
1,-10.015
1,-10.012
1,-10.012
1,-10.012
1,-10.011
1,-10.008
1,-10.008
1,-10.007
1,-10.007
1,-10.006
1,-10.004
1,-10.003
1,-10.003
1,-10.002
1,-10.002
1,-10.001
1,-10.0
1,-9.999
1,-9.998
1,-9.998
1,-9.996
1,-9.995
1,-9.994
1,-9.993
1,-9.992
1,-9.992
1,-9.99
1,-9.989
1,-9.989
1,-9.989
1,-9.989
1,-9.988
1,-9.985
1,-9.985
1,-9.984
1,-9.983
1,-9.983
1,-9.979
1,-9.978
1,-9.978
1,-9.975
1,-9.974
1,-9.97
1,-9.969
1,-9.966
1,-9.965
1,-9.965
1,-9.965
1,-9.96
1,-9.959
1,-9.958
1,-9.958
1,-9.957
1,-9.956
1,-9.953
1,-9.952
1,-9.951
1,-9.95
1,-9.947
1,-9.947
1,-9.947
1,-9.944
1,-9.944
1,-9.94
1,-9.936
1,-9.936
1,-9.933
1,-9.932
1,-9.931
1,-9.931
1,-9.929
1,-9.926
1,-9.926
1,-9.926
1,-9.925
1,-9.924
1,-9.923
1,-9.923
1,-9.922
1,-9.917
1,-9.917
1,-9.917
1,-9.915
1,-9.915
1,-9.912
1,-9.911
1,-9.911
1,-9.911
1,-9.91
1,-9.909
1,-9.909
1,-9.909
1,-9.908
1,-9.906
1,-9.905
1,-9.905
1,-9.903
1,-9.903
1,-9.902
1,-9.9
1,-9.9
1,-9.899
1,-9.897
1,-9.894
1,-9.894
1,-9.893
1,-9.89
1,-9.89
1,-9.889
1,-9.889
1,-9.888
1,-9.885
1,-9.884
1,-9.883
1,-9.883
1,-9.882
1,-9.881
1,-9.878
1,-9.878
1,-9.877
1,-9.876
1,-9.874
1,-9.873
1,-9.869
1,-9.868
1,-9.868
1,-9.866
1,-9.865
1,-9.865
1,-9.864
1,-9.86
1,-9.86
1,-9.86
1,-9.857
1,-9.853
1,-9.851
1,-9.851
1,-9.85
1,-9.848
1,-9.847
1,-9.846
1,-9.846
1,-9.845
1,-9.843
1,-9.843
1,-9.841
1,-9.84
1,-9.839
1,-9.839
1,-9.838
1,-9.838
1,-9.836
1,-9.833
1,-9.832
1,-9.831
1,-9.827
1,-9.826
1,-9.825
1,-9.825
1,-9.823
1,-9.823
1,-9.822
1,-9.821
1,-9.819
1,-9.817
1,-9.817
1,-9.817
1,-9.816
1,-9.816
1,-9.815
1,-9.813
1,-9.812
1,-9.811
1,-9.81
1,-9.808
1,-9.807
1,-9.805
1,-9.805
1,-9.803
1,-9.801
1,-9.801
1,-9.8
1,-9.799
1,-9.796
1,-9.796
1,-9.795
1,-9.795
1,-9.794
1,-9.793
1,-9.793
1,-9.792
1,-9.791
1,-9.79
1,-9.79
1,-9.788
1,-9.787
1,-9.785
1,-9.785
1,-9.785
1,-9.784
1,-9.783
1,-9.783
1,-9.781
1,-9.777
1,-9.776
1,-9.774
1,-9.774
1,-9.771
1,-9.77
1,-9.77
1,-9.769
1,-9.769
1,-9.768
1,-9.767
1,-9.764
1,-9.763
1,-9.76
1,-9.759
1,-9.758
1,-9.754
1,-9.752
1,-9.752
1,-9.75
1,-9.75
1,-9.748
1,-9.748
1,-9.745
1,-9.745
1,-9.742
1,-9.742
1,-9.742
1,-9.741
1,-9.741
1,-9.74
1,-9.74
1,-9.737
1,-9.737
1,-9.737
1,-9.736
1,-9.735
1,-9.735
1,-9.733
1,-9.732
1,-9.729
1,-9.728
1,-9.727
1,-9.727
1,-9.727
1,-9.726
1,-9.725
1,-9.723
1,-9.722
1,-9.718
1,-9.718
1,-9.718
1,-9.716
1,-9.716
1,-9.716
1,-9.715
1,-9.713
1,-9.713
1,-9.711
1,-9.711
1,-9.71
1,-9.708
1,-9.706
1,-9.703
1,-9.699
1,-9.699
1,-9.698
1,-9.698
1,-9.698
1,-9.698
1,-9.696
1,-9.695
1,-9.693
1,-9.693
1,-9.691
1,-9.691
1,-9.69
1,-9.689
1,-9.689
1,-9.689
1,-9.688
1,-9.686
1,-9.682
1,-9.681
1,-9.681
1,-9.68
1,-9.68
1,-9.68
1,-9.679
1,-9.675
1,-9.675
1,-9.675
1,-9.674
1,-9.672
1,-9.67
1,-9.67
1,-9.668
1,-9.664
1,-9.663
1,-9.663
1,-9.66
1,-9.66
1,-9.657
1,-9.657
1,-9.655
1,-9.655
1,-9.654
1,-9.653
1,-9.652
1,-9.652
1,-9.651
1,-9.65
1,-9.648
1,-9.647
1,-9.647
1,-9.645
1,-9.645
1,-9.644
1,-9.642
1,-9.64
1,-9.64
1,-9.64
1,-9.639
1,-9.638
1,-9.637
1,-9.636
1,-9.636
1,-9.636
1,-9.635
1,-9.635
1,-9.633
1,-9.633
1,-9.632
1,-9.632
1,-9.631
1,-9.63
1,-9.628
1,-9.628
1,-9.628
1,-9.627
1,-9.627
1,-9.625
1,-9.623
1,-9.621
1,-9.619
1,-9.618
1,-9.616
1,-9.616
1,-9.614
1,-9.612
1,-9.612
1,-9.609
1,-9.609
1,-9.607
1,-9.607
1,-9.606
1,-9.606
1,-9.604
1,-9.603
1,-9.603
1,-9.602
1,-9.6
1,-9.599
1,-9.598
1,-9.594
1,-9.592
1,-9.592
1,-9.59
1,-9.588
1,-9.588
1,-9.586
1,-9.585
1,-9.584
1,-9.584
1,-9.581
1,-9.58
1,-9.579
1,-9.578
1,-9.577
1,-9.575
1,-9.573
1,-9.568
1,-9.565
1,-9.56
1,-9.559
1,-9.559
1,-9.559
1,-9.559
1,-9.558
1,-9.557
1,-9.55
1,-9.548
1,-9.546
1,-9.545
1,-9.54
1,-9.539
1,-9.535
1,-9.535
1,-9.535
1,-9.532
1,-9.532
1,-9.532
1,-9.531
1,-9.528
1,-9.528
1,-9.527
1,-9.522
1,-9.522
1,-9.518
1,-9.517
1,-9.517
1,-9.516
1,-9.516
1,-9.515
1,-9.515
1,-9.514
1,-9.514
1,-9.513
1,-9.512
1,-9.508
1,-9.507
1,-9.507
1,-9.506
1,-9.505
1,-9.503
1,-9.503
1,-9.503
1,-9.502
1,-9.498
1,-9.498
1,-9.495
1,-9.493
1,-9.493
1,-9.492
1,-9.489
1,-9.486
1,-9.483
1,-9.479
1,-9.479
1,-9.476
1,-9.475
1,-9.473
1,-9.472
1,-9.472
1,-9.469
1,-9.467
1,-9.467
1,-9.465
1,-9.464
1,-9.464
1,-9.464
1,-9.464
1,-9.464
1,-9.462
1,-9.462
1,-9.462
1,-9.46
1,-9.458
1,-9.457
1,-9.456
1,-9.454
1,-9.452
1,-9.451
1,-9.449
1,-9.448
1,-9.447
1,-9.444
1,-9.443
1,-9.44
1,-9.437
1,-9.436
1,-9.435
1,-9.435
1,-9.435
1,-9.435
1,-9.433
1,-9.433
1,-9.432
1,-9.429
1,-9.429
1,-9.428
1,-9.428
1,-9.427
1,-9.425
1,-9.424
1,-9.423
1,-9.423
1,-9.423
1,-9.422
1,-9.421
1,-9.421
1,-9.417
1,-9.417
1,-9.414
1,-9.413
1,-9.412
1,-9.412
1,-9.407
1,-9.406
1,-9.406
1,-9.406
1,-9.405
1,-9.405
1,-9.4
1,-9.4
1,-9.399
1,-9.396
1,-9.394
1,-9.394
1,-9.393
1,-9.392
1,-9.391
1,-9.387
1,-9.385
1,-9.385
1,-9.384
1,-9.384
1,-9.384
1,-9.383
1,-9.381
1,-9.38
1,-9.38
1,-9.379
1,-9.378
1,-9.376
1,-9.375
1,-9.372
1,-9.371
1,-9.37
1,-9.369
1,-9.368
1,-9.366
1,-9.364
1,-9.363
1,-9.361
1,-9.36
1,-9.356
1,-9.356
1,-9.353
1,-9.352
1,-9.351
1,-9.349
1,-9.349
1,-9.344
1,-9.344
1,-9.341
1,-9.341
1,-9.341
1,-9.341
1,-9.339
1,-9.338
1,-9.336
1,-9.335
1,-9.334
1,-9.334
1,-9.334
1,-9.333
1,-9.332
1,-9.332
1,-9.33
1,-9.329
1,-9.329
1,-9.328
1,-9.326
1,-9.325
1,-9.325
1,-9.324
1,-9.324
1,-9.324
1,-9.323
1,-9.322
1,-9.322
1,-9.322
1,-9.322
1,-9.32
1,-9.318
1,-9.317
1,-9.317
1,-9.316
1,-9.315
1,-9.314
1,-9.314
1,-9.311
1,-9.31
1,-9.31
1,-9.31
1,-9.31
1,-9.309
1,-9.308
1,-9.306
1,-9.306
1,-9.305
1,-9.305
1,-9.303
1,-9.302
1,-9.302
1,-9.3
1,-9.298
1,-9.298
1,-9.296
1,-9.295
1,-9.29
1,-9.29
1,-9.286
1,-9.285
1,-9.285
1,-9.282
1,-9.28
1,-9.28
1,-9.279
1,-9.279
1,-9.277
1,-9.277
1,-9.276
1,-9.276
1,-9.275
1,-9.272
1,-9.272
1,-9.271
1,-9.269
1,-9.265
1,-9.259
1,-9.258
1,-9.256
1,-9.255
1,-9.255
1,-9.254
1,-9.253
1,-9.253
1,-9.253
1,-9.252
1,-9.249
1,-9.249
1,-9.249
1,-9.248
1,-9.246
1,-9.244
1,-9.242
1,-9.241
1,-9.237
1,-9.237
1,-9.237
1,-9.236
1,-9.233
1,-9.233
1,-9.232
1,-9.23
1,-9.226
1,-9.225
1,-9.224
1,-9.224
1,-9.224
1,-9.224
1,-9.224
1,-9.221
1,-9.22
1,-9.219
1,-9.217
1,-9.217
1,-9.217
1,-9.215
1,-9.214
1,-9.213
1,-9.213
1,-9.206
1,-9.201
1,-9.2
1,-9.2
1,-9.199
1,-9.198
1,-9.193
1,-9.193
1,-9.191
1,-9.188
1,-9.186
1,-9.186
1,-9.183
1,-9.183
1,-9.182
1,-9.181
1,-9.181
1,-9.181
1,-9.181
1,-9.18
1,-9.174
1,-9.173
1,-9.171
1,-9.169
1,-9.168
1,-9.165
1,-9.163
1,-9.163
1,-9.162
1,-9.161
1,-9.159
1,-9.159
1,-9.158
1,-9.156
1,-9.155
1,-9.154
1,-9.154
1,-9.152
1,-9.152
1,-9.151
1,-9.15
1,-9.15
1,-9.148
1,-9.148
1,-9.147
1,-9.146
1,-9.146
1,-9.146
1,-9.144
1,-9.139
1,-9.139
1,-9.134
1,-9.132
1,-9.131
1,-9.13
1,-9.124
1,-9.122
1,-9.12
1,-9.12
1,-9.118
1,-9.116
1,-9.115
1,-9.114
1,-9.113
1,-9.113
1,-9.113
1,-9.11
1,-9.11
1,-9.109
1,-9.107
1,-9.105
1,-9.105
1,-9.104
1,-9.104
1,-9.102
1,-9.102
1,-9.1
1,-9.098
1,-9.097
1,-9.097
1,-9.095
1,-9.093
1,-9.093
1,-9.091
1,-9.09
1,-9.089
1,-9.089
1,-9.088
1,-9.087
1,-9.086
1,-9.085
1,-9.081
1,-9.079
1,-9.079
1,-9.076
1,-9.074
1,-9.074
1,-9.073
1,-9.073
1,-9.072
1,-9.071
1,-9.07
1,-9.07
1,-9.07
1,-9.068
1,-9.068
1,-9.063
1,-9.063
1,-9.062
1,-9.062
1,-9.061
1,-9.06
1,-9.059
1,-9.059
1,-9.059
1,-9.059
1,-9.058
1,-9.057
1,-9.057
1,-9.055
1,-9.054
1,-9.053
1,-9.053
1,-9.05
1,-9.049
1,-9.049
1,-9.046
1,-9.045
1,-9.044
1,-9.043
1,-9.042
1,-9.042
1,-9.041
1,-9.041
1,-9.039
1,-9.036
1,-9.035
1,-9.035
1,-9.035
1,-9.033
1,-9.032
1,-9.031
1,-9.027
1,-9.027
1,-9.024
1,-9.024
1,-9.022
1,-9.021
1,-9.02
1,-9.02
1,-9.018
1,-9.015
1,-9.014
1,-9.013
1,-9.013
1,-9.013
1,-9.01
1,-9.009
1,-9.008
1,-9.006
1,-9.004
1,-9.003
1,-9.0
1,-8.999
1,-8.999
1,-8.998
1,-8.997
1,-8.997
1,-8.99
1,-8.988
1,-8.988
1,-8.987
1,-8.985
1,-8.983
1,-8.98
1,-8.978
1,-8.978
1,-8.978
1,-8.977
1,-8.977
1,-8.977
1,-8.975
1,-8.975
1,-8.974
1,-8.972
1,-8.972
1,-8.969
1,-8.967
1,-8.966
1,-8.963
1,-8.962
1,-8.962
1,-8.962
1,-8.961
1,-8.961
1,-8.959
1,-8.958
1,-8.958
1,-8.957
1,-8.955
1,-8.952
1,-8.951
1,-8.951
1,-8.951
1,-8.948
1,-8.948
1,-8.945
1,-8.943
1,-8.943
1,-8.942
1,-8.936
1,-8.933
1,-8.933
1,-8.933
1,-8.932
1,-8.931
1,-8.931
1,-8.928
1,-8.925
1,-8.924
1,-8.922
1,-8.92
1,-8.918
1,-8.916
1,-8.914
1,-8.913
1,-8.913
1,-8.912
1,-8.91
1,-8.909
1,-8.908
1,-8.907
1,-8.903
1,-8.902
1,-8.902
1,-8.901
1,-8.901
1,-8.901
1,-8.899
1,-8.896
1,-8.895
1,-8.892
1,-8.892
1,-8.89
1,-8.889
1,-8.889
1,-8.888
1,-8.886
1,-8.885
1,-8.885
1,-8.885
1,-8.884
1,-8.882
1,-8.882
1,-8.882
1,-8.88
1,-8.88
1,-8.879
1,-8.879
1,-8.878
1,-8.878
1,-8.875
1,-8.874
1,-8.874
1,-8.873
1,-8.873
1,-8.872
1,-8.871
1,-8.871
1,-8.869
1,-8.869
1,-8.867
1,-8.864
1,-8.863
1,-8.863
1,-8.862
1,-8.858
1,-8.858
1,-8.853
1,-8.852
1,-8.852
1,-8.852
1,-8.851
1,-8.85
1,-8.85
1,-8.85
1,-8.85
1,-8.849
1,-8.844
1,-8.843
1,-8.839
1,-8.837
1,-8.834
1,-8.832
1,-8.826
1,-8.826
1,-8.821
1,-8.819
1,-8.817
1,-8.817
1,-8.816
1,-8.815
1,-8.815
1,-8.814
1,-8.814
1,-8.814
1,-8.813
1,-8.812
1,-8.812
1,-8.811
1,-8.811
1,-8.81
1,-8.809
1,-8.807
1,-8.807
1,-8.806
1,-8.806
1,-8.804
1,-8.801
1,-8.798
1,-8.797
1,-8.796
1,-8.796
1,-8.794
1,-8.794
1,-8.792
1,-8.789
1,-8.788
1,-8.787
1,-8.783
1,-8.782
1,-8.781
1,-8.78
1,-8.777
1,-8.775
1,-8.775
1,-8.774
1,-8.774
1,-8.768
1,-8.767
1,-8.765
1,-8.763
1,-8.762
1,-8.762
1,-8.761
1,-8.76
1,-8.758
1,-8.756
1,-8.755
1,-8.754
1,-8.753
1,-8.749
1,-8.748
1,-8.745
1,-8.744
1,-8.744
1,-8.742
1,-8.74
1,-8.737
1,-8.737
1,-8.736
1,-8.734
1,-8.733
1,-8.733
1,-8.732
1,-8.731
1,-8.729
1,-8.729
1,-8.726
1,-8.726
1,-8.724
1,-8.724
1,-8.723
1,-8.72
1,-8.72
1,-8.717
1,-8.714
1,-8.714
1,-8.712
1,-8.71
1,-8.71
1,-8.709
1,-8.709
1,-8.707
1,-8.706
1,-8.705
1,-8.705
1,-8.704
1,-8.704
1,-8.704
1,-8.702
1,-8.702
1,-8.701
1,-8.701
1,-8.701
1,-8.701
1,-8.7
1,-8.7
1,-8.7
1,-8.699
1,-8.698
1,-8.698
1,-8.696
1,-8.695
1,-8.693
1,-8.693
1,-8.693
1,-8.692
1,-8.691
1,-8.691
1,-8.689
1,-8.688
1,-8.688
1,-8.688
1,-8.686
1,-8.686
1,-8.686
1,-8.684
1,-8.683
1,-8.681
1,-8.678
1,-8.677
1,-8.675
1,-8.674
1,-8.672
1,-8.671
1,-8.67
1,-8.669
1,-8.669
1,-8.669
1,-8.668
1,-8.667
1,-8.667
1,-8.666
1,-8.666
1,-8.665
1,-8.665
1,-8.665
1,-8.663
1,-8.662
1,-8.662
1,-8.662
1,-8.66
1,-8.656
1,-8.654
1,-8.654
1,-8.652
1,-8.65
1,-8.649
1,-8.649
1,-8.649
1,-8.649
1,-8.649
1,-8.648
1,-8.648
1,-8.648
1,-8.647
1,-8.645
1,-8.644
1,-8.644
1,-8.643
1,-8.64
1,-8.639
1,-8.637
1,-8.635
1,-8.634
1,-8.634
1,-8.632
1,-8.631
1,-8.627
1,-8.626
1,-8.623
1,-8.622
1,-8.615
1,-8.613
1,-8.613
1,-8.612
1,-8.611
1,-8.61
1,-8.61
1,-8.606
1,-8.603
1,-8.602
1,-8.602
1,-8.601
1,-8.601
1,-8.6
1,-8.6
1,-8.599
1,-8.597
1,-8.596
1,-8.596
1,-8.596
1,-8.595
1,-8.593
1,-8.593
1,-8.592
1,-8.592
1,-8.592
1,-8.591
1,-8.589
1,-8.588
1,-8.588
1,-8.588
1,-8.586
1,-8.582
1,-8.581
1,-8.579
1,-8.579
1,-8.578
1,-8.577
1,-8.576
1,-8.576
1,-8.575
1,-8.575
1,-8.574
1,-8.573
1,-8.573
1,-8.571
1,-8.571
1,-8.57
1,-8.567
1,-8.564
1,-8.562
1,-8.559
1,-8.559
1,-8.558
1,-8.556
1,-8.549
1,-8.549
1,-8.548
1,-8.546
1,-8.545
1,-8.541
1,-8.539
1,-8.539
1,-8.537
1,-8.536
1,-8.535
1,-8.535
1,-8.534
1,-8.533
1,-8.531
1,-8.531
1,-8.529
1,-8.527
1,-8.527
1,-8.527
1,-8.525
1,-8.525
1,-8.525
1,-8.525
1,-8.523
1,-8.522
1,-8.522
1,-8.521
1,-8.521
1,-8.521
1,-8.52
1,-8.52
1,-8.518
1,-8.517
1,-8.515
1,-8.514
1,-8.513
1,-8.512
1,-8.511
1,-8.511
1,-8.508
1,-8.506
1,-8.505
1,-8.504
1,-8.504
1,-8.503
1,-8.502
1,-8.502
1,-8.501
1,-8.499
1,-8.498
1,-8.493
1,-8.493
1,-8.491
1,-8.491
1,-8.489
1,-8.489
1,-8.489
1,-8.488
1,-8.487
1,-8.486
1,-8.485
1,-8.482
1,-8.48
1,-8.48
1,-8.48
1,-8.476
1,-8.475
1,-8.473
1,-8.473
1,-8.473
1,-8.472
1,-8.471
1,-8.471
1,-8.464
1,-8.46
1,-8.46
1,-8.458
1,-8.456
1,-8.452
1,-8.452
1,-8.451
1,-8.45
1,-8.448
1,-8.446
1,-8.445
1,-8.441
1,-8.441
1,-8.441
1,-8.441
1,-8.436
1,-8.436
1,-8.435
1,-8.432
1,-8.431
1,-8.431
1,-8.43
1,-8.429
1,-8.425
1,-8.424
1,-8.422
1,-8.42
1,-8.419
1,-8.416
1,-8.416
1,-8.415
1,-8.415
1,-8.414
1,-8.414
1,-8.412
1,-8.41
1,-8.405
1,-8.404
1,-8.403
1,-8.403
1,-8.403
1,-8.403
1,-8.402
1,-8.4
1,-8.4
1,-8.394
1,-8.392
1,-8.392
1,-8.392
1,-8.387
1,-8.383
1,-8.383
1,-8.38
1,-8.38
1,-8.375
1,-8.374
1,-8.374
1,-8.372
1,-8.371
1,-8.37
1,-8.37
1,-8.368
1,-8.368
1,-8.366
1,-8.365
1,-8.361
1,-8.361
1,-8.358
1,-8.357
1,-8.355
1,-8.353
1,-8.352
1,-8.351
1,-8.351
1,-8.351
1,-8.35
1,-8.346
1,-8.345
1,-8.343
1,-8.342
1,-8.341
1,-8.339
1,-8.339
1,-8.339
1,-8.338
1,-8.337
1,-8.336
1,-8.335
1,-8.334
1,-8.333
1,-8.331
1,-8.33
1,-8.329
1,-8.328
1,-8.328
1,-8.328
1,-8.328
1,-8.326
1,-8.325
1,-8.32
1,-8.318
1,-8.317
1,-8.316
1,-8.316
1,-8.316
1,-8.315
1,-8.312
1,-8.311
1,-8.311
1,-8.304
1,-8.302
1,-8.301
1,-8.301
1,-8.299
1,-8.299
1,-8.299
1,-8.298
1,-8.298
1,-8.295
1,-8.295
1,-8.294
1,-8.294
1,-8.294
1,-8.291
1,-8.287
1,-8.285
1,-8.284
1,-8.283
1,-8.282
1,-8.28
1,-8.28
1,-8.28
1,-8.28
1,-8.278
1,-8.278
1,-8.278
1,-8.278
1,-8.275
1,-8.274
1,-8.274
1,-8.273
1,-8.273
1,-8.273
1,-8.265
1,-8.265
1,-8.264
1,-8.263
1,-8.26
1,-8.259
1,-8.259
1,-8.258
1,-8.256
1,-8.255
1,-8.253
1,-8.253
1,-8.252
1,-8.251
1,-8.25
1,-8.249
1,-8.247
1,-8.246
1,-8.244
1,-8.244
1,-8.243
1,-8.242
1,-8.242
1,-8.239
1,-8.239
1,-8.238
1,-8.238
1,-8.238
1,-8.236
1,-8.236
1,-8.235
1,-8.235
1,-8.234
1,-8.232
1,-8.232
1,-8.23
1,-8.229
1,-8.229
1,-8.228
1,-8.227
1,-8.227
1,-8.226
1,-8.226
1,-8.226
1,-8.225
1,-8.224
1,-8.221
1,-8.22
1,-8.22
1,-8.219
1,-8.218
1,-8.218
1,-8.216
1,-8.216
1,-8.215
1,-8.215
1,-8.214
1,-8.214
1,-8.213
1,-8.212
1,-8.211
1,-8.211
1,-8.21
1,-8.209
1,-8.209
1,-8.209
1,-8.209
1,-8.208
1,-8.208
1,-8.205
1,-8.204
1,-8.204
1,-8.202
1,-8.202
1,-8.2
1,-8.198
1,-8.196
1,-8.196
1,-8.192
1,-8.192
1,-8.19
1,-8.19
1,-8.189
1,-8.189
1,-8.189
1,-8.189
1,-8.188
1,-8.184
1,-8.183
1,-8.183
1,-8.183
1,-8.178
1,-8.178
1,-8.173
1,-8.173
1,-8.171
1,-8.17
1,-8.169
1,-8.168
1,-8.166
1,-8.165
1,-8.165
1,-8.165
1,-8.164
1,-8.163
1,-8.163
1,-8.163
1,-8.161
1,-8.16
1,-8.159
1,-8.158
1,-8.158
1,-8.154
1,-8.151
1,-8.151
1,-8.15
1,-8.149
1,-8.149
1,-8.149
1,-8.148
1,-8.148
1,-8.147
1,-8.147
1,-8.147
1,-8.146
1,-8.146
1,-8.145
1,-8.141
1,-8.141
1,-8.14
1,-8.14
1,-8.139
1,-8.139
1,-8.138
1,-8.135
1,-8.133
1,-8.133
1,-8.132
1,-8.131
1,-8.128
1,-8.127
1,-8.127
1,-8.123
1,-8.122
1,-8.121
1,-8.118
1,-8.116
1,-8.112
1,-8.112
1,-8.11
1,-8.107
1,-8.105
1,-8.101
1,-8.1
1,-8.1
1,-8.099
1,-8.098
1,-8.096
1,-8.096
1,-8.096
1,-8.096
1,-8.095
1,-8.094
1,-8.091
1,-8.091
1,-8.09
1,-8.09
1,-8.089
1,-8.089
1,-8.089
1,-8.087
1,-8.087
1,-8.086
1,-8.085
1,-8.085
1,-8.081
1,-8.081
1,-8.08
1,-8.079
1,-8.078
1,-8.078
1,-8.078
1,-8.077
1,-8.077
1,-8.073
1,-8.073
1,-8.072
1,-8.071
1,-8.071
1,-8.07
1,-8.07
1,-8.069
1,-8.069
1,-8.068
1,-8.067
1,-8.066
1,-8.065
1,-8.065
1,-8.064
1,-8.061
1,-8.061
1,-8.06
1,-8.059
1,-8.058
1,-8.053
1,-8.052
1,-8.05
1,-8.05
1,-8.045
1,-8.045
1,-8.045
1,-8.043
1,-8.042
1,-8.041
1,-8.04
1,-8.039
1,-8.039
1,-8.039
1,-8.039
1,-8.038
1,-8.038
1,-8.037
1,-8.036
1,-8.036
1,-8.036
1,-8.034
1,-8.032
1,-8.032
1,-8.031
1,-8.031
1,-8.03
1,-8.03
1,-8.029
1,-8.027
1,-8.027
1,-8.026
1,-8.026
1,-8.025
1,-8.025
1,-8.025
1,-8.023
1,-8.023
1,-8.022
1,-8.022
1,-8.021
1,-8.02
1,-8.017
1,-8.016
1,-8.016
1,-8.016
1,-8.015
1,-8.015
1,-8.013
1,-8.013
1,-8.011
1,-8.011
1,-8.01
1,-8.007
1,-8.007
1,-8.006
1,-8.006
1,-8.006
1,-8.005
1,-8.005
1,-8.005
1,-8.004
1,-8.002
1,-8.0
1,-7.998
1,-7.997
1,-7.996
1,-7.996
1,-7.993
1,-7.993
1,-7.992
1,-7.992
1,-7.992
1,-7.991
1,-7.99
1,-7.986
1,-7.984
1,-7.983
1,-7.982
1,-7.982
1,-7.98
1,-7.977
1,-7.974
1,-7.973
1,-7.973
1,-7.972
1,-7.971
1,-7.971
1,-7.971
1,-7.968
1,-7.966
1,-7.964
1,-7.963
1,-7.963
1,-7.961
1,-7.961
1,-7.96
1,-7.958
1,-7.958
1,-7.958
1,-7.956
1,-7.956
1,-7.956
1,-7.954
1,-7.951
1,-7.95
1,-7.95
1,-7.949
1,-7.949
1,-7.944
1,-7.944
1,-7.943
1,-7.943
1,-7.941
1,-7.938
1,-7.938
1,-7.936
1,-7.933
1,-7.932
1,-7.929
1,-7.929
1,-7.928
1,-7.928
1,-7.926
1,-7.921
1,-7.92
1,-7.92
1,-7.919
1,-7.918
1,-7.917
1,-7.916
1,-7.915
1,-7.915
1,-7.914
1,-7.914
1,-7.914
1,-7.913
1,-7.911
1,-7.911
1,-7.91
1,-7.91
1,-7.91
1,-7.91
1,-7.909
1,-7.908
1,-7.902
1,-7.901
1,-7.899
1,-7.897
1,-7.896
1,-7.896
1,-7.894
1,-7.894
1,-7.893
1,-7.891
1,-7.89
1,-7.889
1,-7.885
1,-7.884
1,-7.884
1,-7.884
1,-7.883
1,-7.882
1,-7.881
1,-7.881
1,-7.877
1,-7.875
1,-7.874
1,-7.872
1,-7.867
1,-7.866
1,-7.865
1,-7.865
1,-7.863
1,-7.863
1,-7.862
1,-7.86
1,-7.858
1,-7.856
1,-7.856
1,-7.855
1,-7.854
1,-7.853
1,-7.852
1,-7.852
1,-7.848
1,-7.847
1,-7.846
1,-7.844
1,-7.843
1,-7.842
1,-7.842
1,-7.839
1,-7.838
1,-7.837
1,-7.837
1,-7.837
1,-7.836
1,-7.834
1,-7.834
1,-7.831
1,-7.83
1,-7.83
1,-7.828
1,-7.828
1,-7.827
1,-7.827
1,-7.825
1,-7.822
1,-7.821
1,-7.82
1,-7.82
1,-7.819
1,-7.818
1,-7.818
1,-7.817
1,-7.814
1,-7.812
1,-7.812
1,-7.811
1,-7.811
1,-7.807
1,-7.807
1,-7.807
1,-7.807
1,-7.806
1,-7.805
1,-7.805
1,-7.805
1,-7.804
1,-7.804
1,-7.803
1,-7.803
1,-7.801
1,-7.8
1,-7.8
1,-7.8
1,-7.798
1,-7.797
1,-7.795
1,-7.794
1,-7.792
1,-7.792
1,-7.789
1,-7.788
1,-7.787
1,-7.787
1,-7.787
1,-7.786
1,-7.785
1,-7.779
1,-7.779
1,-7.775
1,-7.774
1,-7.773
1,-7.773
1,-7.77
1,-7.769
1,-7.769
1,-7.768
1,-7.766
1,-7.766
1,-7.765
1,-7.765
1,-7.763
1,-7.762
1,-7.762
1,-7.762
1,-7.762
1,-7.761
1,-7.761
1,-7.76
1,-7.759
1,-7.759
1,-7.759
1,-7.758
1,-7.754
1,-7.753
1,-7.753
1,-7.751
1,-7.751
1,-7.75
1,-7.75
1,-7.75
1,-7.749
1,-7.748
1,-7.746
1,-7.746
1,-7.743
1,-7.742
1,-7.742
1,-7.742
1,-7.742
1,-7.74
1,-7.737
1,-7.736
1,-7.736
1,-7.736
1,-7.736
1,-7.736
1,-7.736
1,-7.727
1,-7.724
1,-7.724
1,-7.724
1,-7.722
1,-7.722
1,-7.721
1,-7.72
1,-7.719
1,-7.717
1,-7.717
1,-7.716
1,-7.715
1,-7.715
1,-7.714
1,-7.714
1,-7.714
1,-7.711
1,-7.711
1,-7.711
1,-7.711
1,-7.705
1,-7.704
1,-7.703
1,-7.7
1,-7.7
1,-7.699
1,-7.695
1,-7.695
1,-7.694
1,-7.693
1,-7.693
1,-7.692
1,-7.689
1,-7.688
1,-7.687
1,-7.687
1,-7.687
1,-7.684
1,-7.683
1,-7.681
1,-7.68
1,-7.679
1,-7.677
1,-7.676
1,-7.673
1,-7.672
1,-7.671
1,-7.669
1,-7.668
1,-7.667
1,-7.667
1,-7.665
1,-7.664
1,-7.663
1,-7.663
1,-7.662
1,-7.661
1,-7.661
1,-7.661
1,-7.66
1,-7.659
1,-7.658
1,-7.657
1,-7.657
1,-7.655
1,-7.654
1,-7.653
1,-7.652
1,-7.651
1,-7.651
1,-7.643
1,-7.64
1,-7.64
1,-7.64
1,-7.638
1,-7.637
1,-7.634
1,-7.633
1,-7.633
1,-7.633
1,-7.632
1,-7.632
1,-7.629
1,-7.628
1,-7.627
1,-7.626
1,-7.625
1,-7.625
1,-7.625
1,-7.625
1,-7.622
1,-7.622
1,-7.622
1,-7.622
1,-7.618
1,-7.618
1,-7.616
1,-7.616
1,-7.616
1,-7.614
1,-7.613
1,-7.613
1,-7.611
1,-7.611
1,-7.607
1,-7.606
1,-7.605
1,-7.604
1,-7.604
1,-7.603
1,-7.602
1,-7.598
1,-7.597
1,-7.597
1,-7.597
1,-7.597
1,-7.597
1,-7.596
1,-7.594
1,-7.589
1,-7.588
1,-7.582
1,-7.581
1,-7.573
1,-7.572
1,-7.571
1,-7.57
1,-7.57
1,-7.569
1,-7.566
1,-7.564
1,-7.562
1,-7.561
1,-7.56
1,-7.56
1,-7.559
1,-7.557
1,-7.556
1,-7.554
1,-7.553
1,-7.551
1,-7.551
1,-7.551
1,-7.55
1,-7.549
1,-7.549
1,-7.548
1,-7.547
1,-7.546
1,-7.546
1,-7.545
1,-7.545
1,-7.545
1,-7.541
1,-7.541
1,-7.54
1,-7.54
1,-7.537
1,-7.535
1,-7.535
1,-7.534
1,-7.534
1,-7.532
1,-7.532
1,-7.532
1,-7.531
1,-7.531
1,-7.531
1,-7.523
1,-7.522
1,-7.518
1,-7.517
1,-7.513
1,-7.512
1,-7.51
1,-7.507
1,-7.501
1,-7.5
1,-7.499
1,-7.499
1,-7.498
1,-7.497
1,-7.497
1,-7.495
1,-7.495
1,-7.495
1,-7.494
1,-7.493
1,-7.492
1,-7.492
1,-7.49
1,-7.49
1,-7.489
1,-7.488
1,-7.488
1,-7.487
1,-7.486
1,-7.486
1,-7.485
1,-7.484
1,-7.484
1,-7.483
1,-7.482
1,-7.482
1,-7.481
1,-7.479
1,-7.479
1,-7.477
1,-7.477
1,-7.475
1,-7.474
1,-7.473
1,-7.469
1,-7.468
1,-7.468
1,-7.468
1,-7.467
1,-7.467
1,-7.467
1,-7.467
1,-7.465
1,-7.465
1,-7.464
1,-7.462
1,-7.462
1,-7.461
1,-7.461
1,-7.461
1,-7.46
1,-7.46
1,-7.46
1,-7.459
1,-7.459
1,-7.458
1,-7.458
1,-7.457
1,-7.455
1,-7.454
1,-7.453
1,-7.449
1,-7.446
1,-7.445
1,-7.444
1,-7.442
1,-7.441
1,-7.441
1,-7.44
1,-7.437
1,-7.437
1,-7.436
1,-7.435
1,-7.434
1,-7.434
1,-7.433
1,-7.432
1,-7.43
1,-7.427
1,-7.427
1,-7.425
1,-7.423
1,-7.422
1,-7.421
1,-7.42
1,-7.417
1,-7.417
1,-7.416
1,-7.414
1,-7.414
1,-7.413
1,-7.412
1,-7.41
1,-7.409
1,-7.409
1,-7.405
1,-7.405
1,-7.404
1,-7.403
1,-7.403
1,-7.402
1,-7.401
1,-7.401
1,-7.401
1,-7.399
1,-7.399
1,-7.398
1,-7.397
1,-7.397
1,-7.397
1,-7.392
1,-7.391
1,-7.387
1,-7.387
1,-7.387
1,-7.386
1,-7.386
1,-7.385
1,-7.383
1,-7.383
1,-7.382
1,-7.381
1,-7.381
1,-7.38
1,-7.38
1,-7.379
1,-7.378
1,-7.377
1,-7.377
1,-7.376
1,-7.376
1,-7.375
1,-7.372
1,-7.367
1,-7.365
1,-7.364
1,-7.36
1,-7.36
1,-7.359
1,-7.359
1,-7.357
1,-7.356
1,-7.356
1,-7.355
1,-7.355
1,-7.352
1,-7.352
1,-7.35
1,-7.35
1,-7.349
1,-7.347
1,-7.347
1,-7.345
1,-7.345
1,-7.344
1,-7.343
1,-7.342
1,-7.341
1,-7.341
1,-7.34
1,-7.34
1,-7.339
1,-7.337
1,-7.337
1,-7.337
1,-7.336
1,-7.336
1,-7.335
1,-7.335
1,-7.335
1,-7.333
1,-7.332
1,-7.331
1,-7.331
1,-7.329
1,-7.329
1,-7.329
1,-7.329
1,-7.327
1,-7.327
1,-7.327
1,-7.327
1,-7.325
1,-7.325
1,-7.324
1,-7.324
1,-7.324
1,-7.324
1,-7.323
1,-7.322
1,-7.322
1,-7.321
1,-7.319
1,-7.319
1,-7.317
1,-7.315
1,-7.311
1,-7.31
1,-7.309
1,-7.309
1,-7.307
1,-7.307
1,-7.306
1,-7.303
1,-7.301
1,-7.301
1,-7.3
1,-7.3
1,-7.299
1,-7.295
1,-7.294
1,-7.293
1,-7.29
1,-7.29
1,-7.288
1,-7.286
1,-7.284
1,-7.284
1,-7.284
1,-7.284
1,-7.279
1,-7.279
1,-7.278
1,-7.278
1,-7.275
1,-7.272
1,-7.272
1,-7.272
1,-7.269
1,-7.269
1,-7.269
1,-7.268
1,-7.268
1,-7.265
1,-7.264
1,-7.264
1,-7.262
1,-7.261
1,-7.258
1,-7.257
1,-7.256
1,-7.255
1,-7.255
1,-7.255
1,-7.255
1,-7.255
1,-7.254
1,-7.254
1,-7.253
1,-7.249
1,-7.249
1,-7.248
1,-7.246
1,-7.246
1,-7.242
1,-7.24
1,-7.239
1,-7.238
1,-7.236
1,-7.235
1,-7.234
1,-7.233
1,-7.232
1,-7.228
1,-7.228
1,-7.227
1,-7.225
1,-7.225
1,-7.224
1,-7.222
1,-7.221
1,-7.22
1,-7.219
1,-7.217
1,-7.216
1,-7.215
1,-7.215
1,-7.212
1,-7.21
1,-7.21
1,-7.209
1,-7.209
1,-7.207
1,-7.207
1,-7.205
1,-7.204
1,-7.204
1,-7.203
1,-7.202
1,-7.202
1,-7.2
1,-7.199
1,-7.198
1,-7.198
1,-7.196
1,-7.196
1,-7.194
1,-7.192
1,-7.192
1,-7.19
1,-7.188
1,-7.186
1,-7.184
1,-7.184
1,-7.184
1,-7.183
1,-7.183
1,-7.183
1,-7.183
1,-7.181
1,-7.179
1,-7.178
1,-7.176
1,-7.174
1,-7.174
1,-7.173
1,-7.173
1,-7.172
1,-7.17
1,-7.168
1,-7.168
1,-7.167
1,-7.165
1,-7.165
1,-7.164
1,-7.164
1,-7.163
1,-7.163
1,-7.163
1,-7.163
1,-7.162
1,-7.162
1,-7.162
1,-7.159
1,-7.158
1,-7.157
1,-7.157
1,-7.155
1,-7.152
1,-7.151
1,-7.15
1,-7.148
1,-7.145
1,-7.145
1,-7.144
1,-7.136
1,-7.135
1,-7.133
1,-7.132
1,-7.132
1,-7.128
1,-7.128
1,-7.124
1,-7.123
1,-7.123
1,-7.121
1,-7.119
1,-7.117
1,-7.115
1,-7.114
1,-7.114
1,-7.114
1,-7.113
1,-7.113
1,-7.112
1,-7.111
1,-7.111
1,-7.111
1,-7.11
1,-7.109
1,-7.108
1,-7.107
1,-7.107
1,-7.107
1,-7.106
1,-7.105
1,-7.104
1,-7.103
1,-7.103
1,-7.101
1,-7.101
1,-7.1
1,-7.099
1,-7.098
1,-7.098
1,-7.098
1,-7.098
1,-7.097
1,-7.097
1,-7.097
1,-7.094
1,-7.094
1,-7.093
1,-7.092
1,-7.092
1,-7.09
1,-7.088
1,-7.088
1,-7.087
1,-7.087
1,-7.085
1,-7.084
1,-7.083
1,-7.078
1,-7.078
1,-7.077
1,-7.077
1,-7.076
1,-7.076
1,-7.075
1,-7.072
1,-7.071
1,-7.071
1,-7.071
1,-7.069
1,-7.068
1,-7.066
1,-7.066
1,-7.065
1,-7.063
1,-7.063
1,-7.063
1,-7.06
1,-7.06
1,-7.057
1,-7.057
1,-7.055
1,-7.054
1,-7.053
1,-7.052
1,-7.051
1,-7.049
1,-7.048
1,-7.046
1,-7.045
1,-7.042
1,-7.042
1,-7.041
1,-7.041
1,-7.041
1,-7.04
1,-7.04
1,-7.038
1,-7.037
1,-7.033
1,-7.033
1,-7.033
1,-7.032
1,-7.031
1,-7.03
1,-7.029
1,-7.028
1,-7.028
1,-7.027
1,-7.024
1,-7.023
1,-7.018
1,-7.016
1,-7.016
1,-7.016
1,-7.015
1,-7.014
1,-7.013
1,-7.012
1,-7.012
1,-7.009
1,-7.009
1,-7.008
1,-7.008
1,-7.008
1,-7.006
1,-7.006
1,-7.006
1,-7.005
1,-7.004
1,-7.0
1,-7.0
1,-7.0
1,-6.999
1,-6.998
1,-6.997
1,-6.996
1,-6.996
1,-6.994
1,-6.992
1,-6.991
1,-6.991
1,-6.991
1,-6.99
1,-6.988
1,-6.988
1,-6.986
1,-6.986
1,-6.984
1,-6.983
1,-6.982
1,-6.98
1,-6.979
1,-6.977
1,-6.975
1,-6.974
1,-6.971
1,-6.969
1,-6.969
1,-6.969
1,-6.968
1,-6.967
1,-6.966
1,-6.966
1,-6.965
1,-6.962
1,-6.962
1,-6.961
1,-6.958
1,-6.957
1,-6.956
1,-6.954
1,-6.953
1,-6.953
1,-6.952
1,-6.951
1,-6.951
1,-6.949
1,-6.947
1,-6.947
1,-6.947
1,-6.947
1,-6.947
1,-6.946
1,-6.945
1,-6.945
1,-6.944
1,-6.942
1,-6.942
1,-6.941
1,-6.94
1,-6.94
1,-6.939
1,-6.937
1,-6.937
1,-6.934
1,-6.933
1,-6.933
1,-6.931
1,-6.929
1,-6.929
1,-6.929
1,-6.927
1,-6.924
1,-6.924
1,-6.924
1,-6.923
1,-6.923
1,-6.923
1,-6.923
1,-6.918
1,-6.918
1,-6.917
1,-6.917
1,-6.917
1,-6.916
1,-6.914
1,-6.913
1,-6.913
1,-6.908
1,-6.905
1,-6.904
1,-6.904
1,-6.902
1,-6.898
1,-6.898
1,-6.897
1,-6.895
1,-6.895
1,-6.894
1,-6.894
1,-6.893
1,-6.893
1,-6.893
1,-6.893
1,-6.892
1,-6.892
1,-6.89
1,-6.888
1,-6.887
1,-6.885
1,-6.885
1,-6.883
1,-6.883
1,-6.876
1,-6.875
1,-6.874
1,-6.873
1,-6.872
1,-6.871
1,-6.87
1,-6.866
1,-6.866
1,-6.866
1,-6.865
1,-6.863
1,-6.862
1,-6.862
1,-6.86
1,-6.86
1,-6.859
1,-6.858
1,-6.858
1,-6.857
1,-6.857
1,-6.856
1,-6.856
1,-6.855
1,-6.854
1,-6.854
1,-6.854
1,-6.852
1,-6.852
1,-6.851
1,-6.848
1,-6.846
1,-6.845
1,-6.843
1,-6.841
1,-6.84
1,-6.838
1,-6.832
1,-6.832
1,-6.83
1,-6.83
1,-6.828
1,-6.828
1,-6.828
1,-6.827
1,-6.826
1,-6.825
1,-6.825
1,-6.824
1,-6.823
1,-6.821
1,-6.821
1,-6.82
1,-6.819
1,-6.818
1,-6.818
1,-6.818
1,-6.818
1,-6.817
1,-6.816
1,-6.814
1,-6.811
1,-6.81
1,-6.808
1,-6.808
1,-6.806
1,-6.806
1,-6.806
1,-6.806
1,-6.805
1,-6.804
1,-6.804
1,-6.803
1,-6.803
1,-6.8
1,-6.8
1,-6.798
1,-6.793
1,-6.791
1,-6.791
1,-6.79
1,-6.788
1,-6.788
1,-6.787
1,-6.787
1,-6.787
1,-6.785
1,-6.782
1,-6.78
1,-6.779
1,-6.779
1,-6.779
1,-6.779
1,-6.778
1,-6.776
1,-6.776
1,-6.776
1,-6.776
1,-6.774
1,-6.774
1,-6.772
1,-6.769
1,-6.769
1,-6.766
1,-6.765
1,-6.763
1,-6.762
1,-6.759
1,-6.758
1,-6.755
1,-6.754
1,-6.754
1,-6.753
1,-6.752
1,-6.752
1,-6.751
1,-6.751
1,-6.749
1,-6.748
1,-6.748
1,-6.748
1,-6.748
1,-6.748
1,-6.748
1,-6.746
1,-6.743
1,-6.743
1,-6.742
1,-6.742
1,-6.741
1,-6.738
1,-6.737
1,-6.737
1,-6.736
1,-6.736
1,-6.736
1,-6.735
1,-6.735
1,-6.735
1,-6.734
1,-6.73
1,-6.73
1,-6.73
1,-6.728
1,-6.726
1,-6.724
1,-6.724
1,-6.724
1,-6.72
1,-6.72
1,-6.72
1,-6.719
1,-6.718
1,-6.715
1,-6.712
1,-6.712
1,-6.711
1,-6.709
1,-6.709
1,-6.708
1,-6.707
1,-6.705
1,-6.704
1,-6.703
1,-6.7
1,-6.699
1,-6.697
1,-6.697
1,-6.696
1,-6.695
1,-6.694
1,-6.694
1,-6.694
1,-6.694
1,-6.693
1,-6.693
1,-6.693
1,-6.692
1,-6.692
1,-6.692
1,-6.691
1,-6.682
1,-6.682
1,-6.681
1,-6.681
1,-6.68
1,-6.68
1,-6.677
1,-6.676
1,-6.676
1,-6.675
1,-6.674
1,-6.672
1,-6.671
1,-6.671
1,-6.669
1,-6.669
1,-6.668
1,-6.668
1,-6.667
1,-6.664
1,-6.664
1,-6.663
1,-6.658
1,-6.658
1,-6.657
1,-6.655
1,-6.654
1,-6.654
1,-6.653
1,-6.652
1,-6.65
1,-6.649
1,-6.649
1,-6.648
1,-6.647
1,-6.645
1,-6.644
1,-6.643
1,-6.642
1,-6.642
1,-6.641
1,-6.641
1,-6.637
1,-6.635
1,-6.635
1,-6.635
1,-6.634
1,-6.633
1,-6.632
1,-6.632
1,-6.63
1,-6.629
1,-6.628
1,-6.627
1,-6.626
1,-6.623
1,-6.623
1,-6.623
1,-6.622
1,-6.621
1,-6.621
1,-6.62
1,-6.619
1,-6.618
1,-6.618
1,-6.617
1,-6.615
1,-6.615
1,-6.615
1,-6.612
1,-6.612
1,-6.612
1,-6.611
1,-6.611
1,-6.611
1,-6.611
1,-6.61
1,-6.61
1,-6.61
1,-6.61
1,-6.609
1,-6.609
1,-6.609
1,-6.608
1,-6.607
1,-6.607
1,-6.605
1,-6.604
1,-6.604
1,-6.604
1,-6.601
1,-6.601
1,-6.6
1,-6.6
1,-6.6
1,-6.597
1,-6.595
1,-6.594
1,-6.594
1,-6.593
1,-6.591
1,-6.59
1,-6.589
1,-6.586
1,-6.585
1,-6.583
1,-6.583
1,-6.582
1,-6.582
1,-6.581
1,-6.581
1,-6.578
1,-6.575
1,-6.574
1,-6.574
1,-6.574
1,-6.573
1,-6.573
1,-6.572
1,-6.572
1,-6.571
1,-6.57
1,-6.57
1,-6.569
1,-6.569
1,-6.568
1,-6.567
1,-6.567
1,-6.566
1,-6.566
1,-6.565
1,-6.564
1,-6.564
1,-6.564
1,-6.563
1,-6.562
1,-6.56
1,-6.56
1,-6.558
1,-6.555
1,-6.555
1,-6.553
1,-6.551
1,-6.55
1,-6.548
1,-6.548
1,-6.547
1,-6.546
1,-6.545
1,-6.543
1,-6.54
1,-6.538
1,-6.538
1,-6.536
1,-6.536
1,-6.533
1,-6.533
1,-6.531
1,-6.53
1,-6.53
1,-6.53
1,-6.53
1,-6.53
1,-6.527
1,-6.525
1,-6.523
1,-6.523
1,-6.521
1,-6.519
1,-6.519
1,-6.518
1,-6.515
1,-6.514
1,-6.513
1,-6.513
1,-6.513
1,-6.51
1,-6.506
1,-6.505
1,-6.505
1,-6.504
1,-6.504
1,-6.504
1,-6.503
1,-6.503
1,-6.502
1,-6.5
1,-6.499
1,-6.497
1,-6.497
1,-6.496
1,-6.494
1,-6.493
1,-6.492
1,-6.491
1,-6.489
1,-6.488
1,-6.487
1,-6.486
1,-6.485
1,-6.481
1,-6.481
1,-6.479
1,-6.479
1,-6.479
1,-6.478
1,-6.477
1,-6.475
1,-6.473
1,-6.473
1,-6.472
1,-6.472
1,-6.47
1,-6.469
1,-6.467
1,-6.467
1,-6.466
1,-6.466
1,-6.466
1,-6.465
1,-6.465
1,-6.465
1,-6.465
1,-6.464
1,-6.464
1,-6.46
1,-6.459
1,-6.458
1,-6.455
1,-6.454
1,-6.454
1,-6.453
1,-6.453
1,-6.452
1,-6.451
1,-6.451
1,-6.451
1,-6.45
1,-6.449
1,-6.447
1,-6.446
1,-6.446
1,-6.445
1,-6.444
1,-6.44
1,-6.439
1,-6.436
1,-6.435
1,-6.435
1,-6.434
1,-6.433
1,-6.433
1,-6.431
1,-6.431
1,-6.429
1,-6.428
1,-6.427
1,-6.426
1,-6.425
1,-6.424
1,-6.424
1,-6.422
1,-6.421
1,-6.419
1,-6.419
1,-6.415
1,-6.413
1,-6.412
1,-6.412
1,-6.41
1,-6.41
1,-6.409
1,-6.407
1,-6.407
1,-6.407
1,-6.405
1,-6.404
1,-6.404
1,-6.4
1,-6.399
1,-6.399
1,-6.398
1,-6.397
1,-6.396
1,-6.394
1,-6.394
1,-6.393
1,-6.393
1,-6.393
1,-6.392
1,-6.392
1,-6.391
1,-6.39
1,-6.388
1,-6.388
1,-6.382
1,-6.38
1,-6.379
1,-6.379
1,-6.378
1,-6.376
1,-6.375
1,-6.373
1,-6.373
1,-6.371
1,-6.368
1,-6.367
1,-6.367
1,-6.366
1,-6.364
1,-6.363
1,-6.361
1,-6.361
1,-6.36
1,-6.36
1,-6.36
1,-6.359
1,-6.359
1,-6.358
1,-6.357
1,-6.357
1,-6.357
1,-6.356
1,-6.355
1,-6.354
1,-6.353
1,-6.352
1,-6.351
1,-6.351
1,-6.351
1,-6.349
1,-6.348
1,-6.342
1,-6.342
1,-6.34
1,-6.34
1,-6.339
1,-6.338
1,-6.338
1,-6.336
1,-6.335
1,-6.335
1,-6.334
1,-6.331
1,-6.327
1,-6.327
1,-6.326
1,-6.324
1,-6.322
1,-6.321
1,-6.32
1,-6.319
1,-6.318
1,-6.318
1,-6.318
1,-6.318
1,-6.317
1,-6.317
1,-6.316
1,-6.315
1,-6.313
1,-6.311
1,-6.311
1,-6.31
1,-6.309
1,-6.309
1,-6.308
1,-6.305
1,-6.305
1,-6.305
1,-6.305
1,-6.304
1,-6.304
1,-6.303
1,-6.302
1,-6.302
1,-6.301
1,-6.301
1,-6.3
1,-6.299
1,-6.297
1,-6.297
1,-6.295
1,-6.295
1,-6.295
1,-6.295
1,-6.294
1,-6.294
1,-6.293
1,-6.292
1,-6.291
1,-6.291
1,-6.29
1,-6.29
1,-6.289
1,-6.288
1,-6.288
1,-6.288
1,-6.284
1,-6.282
1,-6.282
1,-6.282
1,-6.282
1,-6.282
1,-6.281
1,-6.278
1,-6.278
1,-6.276
1,-6.276
1,-6.274
1,-6.272
1,-6.272
1,-6.269
1,-6.268
1,-6.267
1,-6.265
1,-6.264
1,-6.264
1,-6.263
1,-6.26
1,-6.259
1,-6.258
1,-6.258
1,-6.255
1,-6.253
1,-6.252
1,-6.25
1,-6.249
1,-6.248
1,-6.248
1,-6.247
1,-6.247
1,-6.246
1,-6.244
1,-6.244
1,-6.243
1,-6.241
1,-6.239
1,-6.236
1,-6.236
1,-6.234
1,-6.232
1,-6.231
1,-6.229
1,-6.228
1,-6.225
1,-6.224
1,-6.224
1,-6.223
1,-6.223
1,-6.223
1,-6.222
1,-6.222
1,-6.221
1,-6.22
1,-6.217
1,-6.217
1,-6.216
1,-6.215
1,-6.214
1,-6.213
1,-6.212
1,-6.212
1,-6.211
1,-6.21
1,-6.209
1,-6.209
1,-6.206
1,-6.206
1,-6.205
1,-6.203
1,-6.2
1,-6.199
1,-6.196
1,-6.195
1,-6.195
1,-6.194
1,-6.194
1,-6.192
1,-6.191
1,-6.188
1,-6.186
1,-6.186
1,-6.184
1,-6.183
1,-6.183
1,-6.183
1,-6.182
1,-6.182
1,-6.181
1,-6.18
1,-6.18
1,-6.179
1,-6.179
1,-6.177
1,-6.176
1,-6.176
1,-6.176
1,-6.172
1,-6.172
1,-6.172
1,-6.171
1,-6.171
1,-6.167
1,-6.165
1,-6.164
1,-6.164
1,-6.163
1,-6.159
1,-6.158
1,-6.157
1,-6.156
1,-6.156
1,-6.155
1,-6.155
1,-6.153
1,-6.153
1,-6.152
1,-6.15
1,-6.149
1,-6.149
1,-6.148
1,-6.147
1,-6.146
1,-6.146
1,-6.145
1,-6.145
1,-6.144
1,-6.144
1,-6.143
1,-6.142
1,-6.139
1,-6.139
1,-6.138
1,-6.137
1,-6.137
1,-6.136
1,-6.135
1,-6.134
1,-6.132
1,-6.131
1,-6.131
1,-6.131
1,-6.13
1,-6.129
1,-6.125
1,-6.125
1,-6.125
1,-6.124
1,-6.124
1,-6.121
1,-6.119
1,-6.117
1,-6.116
1,-6.115
1,-6.114
1,-6.114
1,-6.112
1,-6.112
1,-6.111
1,-6.109
1,-6.108
1,-6.107
1,-6.103
1,-6.103
1,-6.103
1,-6.103
1,-6.102
1,-6.1
1,-6.1
1,-6.097
1,-6.097
1,-6.094
1,-6.093
1,-6.093
1,-6.092
1,-6.09
1,-6.089
1,-6.088
1,-6.088
1,-6.084
1,-6.084
1,-6.083
1,-6.083
1,-6.083
1,-6.08
1,-6.08
1,-6.08
1,-6.079
1,-6.077
1,-6.077
1,-6.077
1,-6.076
1,-6.076
1,-6.076
1,-6.076
1,-6.074
1,-6.072
1,-6.072
1,-6.071
1,-6.069
1,-6.067
1,-6.066
1,-6.066
1,-6.066
1,-6.065
1,-6.065
1,-6.063
1,-6.062
1,-6.062
1,-6.059
1,-6.058
1,-6.054
1,-6.054
1,-6.052
1,-6.052
1,-6.051
1,-6.051
1,-6.051
1,-6.047
1,-6.047
1,-6.046
1,-6.045
1,-6.043
1,-6.042
1,-6.04
1,-6.04
1,-6.037
1,-6.036
1,-6.035
1,-6.035
1,-6.033
1,-6.033
1,-6.033
1,-6.032
1,-6.032
1,-6.031
1,-6.029
1,-6.028
1,-6.028
1,-6.027
1,-6.025
1,-6.025
1,-6.025
1,-6.025
1,-6.024
1,-6.024
1,-6.024
1,-6.023
1,-6.022
1,-6.022
1,-6.021
1,-6.021
1,-6.021
1,-6.02
1,-6.019
1,-6.017
1,-6.016
1,-6.016
1,-6.016
1,-6.014
1,-6.014
1,-6.014
1,-6.013
1,-6.013
1,-6.013
1,-6.012
1,-6.012
1,-6.01
1,-6.01
1,-6.01
1,-6.007
1,-6.006
1,-6.005
1,-6.005
1,-6.005
1,-6.005
1,-6.003
1,-6.001
1,-5.999
1,-5.997
1,-5.996
1,-5.995
1,-5.993
1,-5.993
1,-5.992
1,-5.991
1,-5.99
1,-5.989
1,-5.988
1,-5.988
1,-5.985
1,-5.984
1,-5.983
1,-5.983
1,-5.982
1,-5.981
1,-5.981
1,-5.981
1,-5.98
1,-5.98
1,-5.979
1,-5.978
1,-5.977
1,-5.977
1,-5.976
1,-5.973
1,-5.972
1,-5.971
1,-5.971
1,-5.97
1,-5.97
1,-5.968
1,-5.968
1,-5.967
1,-5.967
1,-5.965
1,-5.963
1,-5.962
1,-5.959
1,-5.959
1,-5.958
1,-5.958
1,-5.958
1,-5.957
1,-5.956
1,-5.956
1,-5.956
1,-5.955
1,-5.955
1,-5.954
1,-5.953
1,-5.953
1,-5.951
1,-5.95
1,-5.947
1,-5.946
1,-5.945
1,-5.945
1,-5.943
1,-5.942
1,-5.941
1,-5.94
1,-5.94
1,-5.939
1,-5.938
1,-5.938
1,-5.936
1,-5.935
1,-5.934
1,-5.934
1,-5.933
1,-5.933
1,-5.932
1,-5.932
1,-5.931
1,-5.93
1,-5.93
1,-5.929
1,-5.928
1,-5.928
1,-5.927
1,-5.927
1,-5.924
1,-5.922
1,-5.922
1,-5.921
1,-5.92
1,-5.92
1,-5.92
1,-5.919
1,-5.914
1,-5.914
1,-5.914
1,-5.913
1,-5.912
1,-5.912
1,-5.911
1,-5.911
1,-5.91
1,-5.908
1,-5.907
1,-5.907
1,-5.906
1,-5.904
1,-5.903
1,-5.902
1,-5.902
1,-5.901
1,-5.901
1,-5.899
1,-5.898
1,-5.896
1,-5.896
1,-5.893
1,-5.893
1,-5.892
1,-5.885
1,-5.884
1,-5.884
1,-5.884
1,-5.883
1,-5.881
1,-5.88
1,-5.879
1,-5.878
1,-5.878
1,-5.872
1,-5.872
1,-5.871
1,-5.871
1,-5.869
1,-5.865
1,-5.864
1,-5.864
1,-5.864
1,-5.864
1,-5.863
1,-5.861
1,-5.856
1,-5.853
1,-5.852
1,-5.852
1,-5.851
1,-5.85
1,-5.849
1,-5.849
1,-5.846
1,-5.844
1,-5.84
1,-5.84
1,-5.839
1,-5.839
1,-5.837
1,-5.833
1,-5.832
1,-5.829
1,-5.827
1,-5.827
1,-5.827
1,-5.827
1,-5.825
1,-5.823
1,-5.823
1,-5.821
1,-5.82
1,-5.819
1,-5.817
1,-5.817
1,-5.815
1,-5.815
1,-5.815
1,-5.814
1,-5.812
1,-5.811
1,-5.811
1,-5.81
1,-5.809
1,-5.808
1,-5.808
1,-5.808
1,-5.807
1,-5.807
1,-5.806
1,-5.805
1,-5.804
1,-5.804
1,-5.802
1,-5.801
1,-5.801
1,-5.801
1,-5.8
1,-5.799
1,-5.797
1,-5.797
1,-5.797
1,-5.797
1,-5.795
1,-5.795
1,-5.794
1,-5.794
1,-5.791
1,-5.79
1,-5.79
1,-5.788
1,-5.788
1,-5.786
1,-5.782
1,-5.781
1,-5.779
1,-5.779
1,-5.778
1,-5.777
1,-5.775
1,-5.775
1,-5.772
1,-5.771
1,-5.771
1,-5.77
1,-5.77
1,-5.769
1,-5.769
1,-5.768
1,-5.767
1,-5.766
1,-5.766
1,-5.766
1,-5.765
1,-5.764
1,-5.764
1,-5.763
1,-5.762
1,-5.762
1,-5.759
1,-5.759
1,-5.758
1,-5.758
1,-5.756
1,-5.755
1,-5.752
1,-5.75
1,-5.75
1,-5.75
1,-5.75
1,-5.75
1,-5.747
1,-5.746
1,-5.746
1,-5.745
1,-5.745
1,-5.743
1,-5.743
1,-5.742
1,-5.74
1,-5.737
1,-5.735
1,-5.732
1,-5.73
1,-5.73
1,-5.73
1,-5.729
1,-5.729
1,-5.729
1,-5.728
1,-5.727
1,-5.726
1,-5.726
1,-5.724
1,-5.724
1,-5.723
1,-5.721
1,-5.721
1,-5.72
1,-5.718
1,-5.717
1,-5.716
1,-5.716
1,-5.715
1,-5.714
1,-5.713
1,-5.712
1,-5.711
1,-5.705
1,-5.704
1,-5.704
1,-5.703
1,-5.703
1,-5.701
1,-5.701
1,-5.7
1,-5.699
1,-5.699
1,-5.698
1,-5.695
1,-5.694
1,-5.693
1,-5.692
1,-5.688
1,-5.688
1,-5.688
1,-5.686
1,-5.683
1,-5.682
1,-5.681
1,-5.68
1,-5.679
1,-5.677
1,-5.676
1,-5.676
1,-5.676
1,-5.675
1,-5.674
1,-5.673
1,-5.672
1,-5.671
1,-5.671
1,-5.67
1,-5.67
1,-5.67
1,-5.668
1,-5.668
1,-5.666
1,-5.665
1,-5.664
1,-5.663
1,-5.663
1,-5.663
1,-5.661
1,-5.66
1,-5.66
1,-5.659
1,-5.654
1,-5.654
1,-5.653
1,-5.653
1,-5.653
1,-5.652
1,-5.652
1,-5.651
1,-5.651
1,-5.651
1,-5.651
1,-5.65
1,-5.648
1,-5.648
1,-5.647
1,-5.646
1,-5.646
1,-5.646
1,-5.644
1,-5.643
1,-5.642
1,-5.641
1,-5.641
1,-5.641
1,-5.64
1,-5.639
1,-5.637
1,-5.637
1,-5.636
1,-5.635
1,-5.634
1,-5.632
1,-5.631
1,-5.628
1,-5.628
1,-5.627
1,-5.627
1,-5.627
1,-5.626
1,-5.625
1,-5.625
1,-5.623
1,-5.622
1,-5.621
1,-5.62
1,-5.619
1,-5.617
1,-5.614
1,-5.613
1,-5.612
1,-5.612
1,-5.609
1,-5.608
1,-5.606
1,-5.603
1,-5.603
1,-5.603
1,-5.602
1,-5.602
1,-5.601
1,-5.597
1,-5.597
1,-5.591
1,-5.591
1,-5.59
1,-5.588
1,-5.587
1,-5.587
1,-5.587
1,-5.586
1,-5.585
1,-5.584
1,-5.583
1,-5.58
1,-5.58
1,-5.579
1,-5.575
1,-5.573
1,-5.573
1,-5.573
1,-5.572
1,-5.571
1,-5.571
1,-5.569
1,-5.569
1,-5.568
1,-5.567
1,-5.564
1,-5.564
1,-5.563
1,-5.563
1,-5.563
1,-5.562
1,-5.56
1,-5.559
1,-5.559
1,-5.558
1,-5.555
1,-5.554
1,-5.554
1,-5.552
1,-5.551
1,-5.55
1,-5.549
1,-5.548
1,-5.548
1,-5.547
1,-5.546
1,-5.544
1,-5.543
1,-5.542
1,-5.541
1,-5.54
1,-5.539
1,-5.538
1,-5.537
1,-5.537
1,-5.537
1,-5.536
1,-5.536
1,-5.535
1,-5.534
1,-5.534
1,-5.533
1,-5.533
1,-5.533
1,-5.532
1,-5.531
1,-5.53
1,-5.529
1,-5.529
1,-5.521
1,-5.521
1,-5.521
1,-5.52
1,-5.519
1,-5.518
1,-5.516
1,-5.516
1,-5.516
1,-5.515
1,-5.515
1,-5.512
1,-5.511
1,-5.511
1,-5.509
1,-5.508
1,-5.508
1,-5.499
1,-5.498
1,-5.497
1,-5.497
1,-5.497
1,-5.493
1,-5.492
1,-5.492
1,-5.492
1,-5.49
1,-5.485
1,-5.483
1,-5.482
1,-5.481
1,-5.48
1,-5.477
1,-5.477
1,-5.475
1,-5.472
1,-5.47
1,-5.469
1,-5.464
1,-5.464
1,-5.461
1,-5.457
1,-5.456
1,-5.454
1,-5.454
1,-5.447
1,-5.446
1,-5.445
1,-5.444
1,-5.443
1,-5.442
1,-5.439
1,-5.439
1,-5.438
1,-5.437
1,-5.435
1,-5.434
1,-5.434
1,-5.433
1,-5.432
1,-5.432
1,-5.431
1,-5.431
1,-5.429
1,-5.428
1,-5.426
1,-5.426
1,-5.426
1,-5.425
1,-5.419
1,-5.419
1,-5.419
1,-5.418
1,-5.417
1,-5.415
1,-5.415
1,-5.414
1,-5.411
1,-5.41
1,-5.41
1,-5.41
1,-5.408
1,-5.407
1,-5.407
1,-5.407
1,-5.407
1,-5.404
1,-5.403
1,-5.402
1,-5.4
1,-5.396
1,-5.395
1,-5.394
1,-5.394
1,-5.39
1,-5.39
1,-5.388
1,-5.388
1,-5.388
1,-5.386
1,-5.384
1,-5.384
1,-5.382
1,-5.382
1,-5.378
1,-5.377
1,-5.376
1,-5.376
1,-5.371
1,-5.367
1,-5.366
1,-5.365
1,-5.362
1,-5.36
1,-5.359
1,-5.356
1,-5.355
1,-5.353
1,-5.349
1,-5.347
1,-5.346
1,-5.346
1,-5.345
1,-5.344
1,-5.343
1,-5.342
1,-5.341
1,-5.338
1,-5.334
1,-5.333
1,-5.33
1,-5.329
1,-5.328
1,-5.325
1,-5.324
1,-5.322
1,-5.319
1,-5.318
1,-5.317
1,-5.317
1,-5.316
1,-5.315
1,-5.315
1,-5.308
1,-5.308
1,-5.306
1,-5.306
1,-5.304
1,-5.303
1,-5.301
1,-5.301
1,-5.3
1,-5.299
1,-5.298
1,-5.298
1,-5.297
1,-5.296
1,-5.296
1,-5.295
1,-5.295
1,-5.29
1,-5.286
1,-5.286
1,-5.284
1,-5.283
1,-5.282
1,-5.281
1,-5.28
1,-5.279
1,-5.278
1,-5.278
1,-5.275
1,-5.275
1,-5.274
1,-5.272
1,-5.271
1,-5.271
1,-5.27
1,-5.268
1,-5.268
1,-5.267
1,-5.267
1,-5.266
1,-5.266
1,-5.265
1,-5.264
1,-5.263
1,-5.261
1,-5.257
1,-5.255
1,-5.254
1,-5.253
1,-5.252
1,-5.252
1,-5.251
1,-5.251
1,-5.249
1,-5.247
1,-5.244
1,-5.243
1,-5.243
1,-5.241
1,-5.24
1,-5.24
1,-5.239
1,-5.239
1,-5.239
1,-5.235
1,-5.234
1,-5.234
1,-5.233
1,-5.233
1,-5.232
1,-5.231
1,-5.229
1,-5.228
1,-5.227
1,-5.227
1,-5.225
1,-5.225
1,-5.225
1,-5.224
1,-5.221
1,-5.221
1,-5.22
1,-5.218
1,-5.217
1,-5.216
1,-5.213
1,-5.212
1,-5.211
1,-5.21
1,-5.21
1,-5.209
1,-5.208
1,-5.208
1,-5.206
1,-5.205
1,-5.205
1,-5.204
1,-5.204
1,-5.202
1,-5.202
1,-5.202
1,-5.2
1,-5.2
1,-5.199
1,-5.198
1,-5.197
1,-5.193
1,-5.193
1,-5.192
1,-5.191
1,-5.19
1,-5.19
1,-5.189
1,-5.189
1,-5.187
1,-5.185
1,-5.184
1,-5.184
1,-5.179
1,-5.179
1,-5.178
1,-5.176
1,-5.176
1,-5.176
1,-5.175
1,-5.174
1,-5.173
1,-5.172
1,-5.172
1,-5.17
1,-5.17
1,-5.168
1,-5.167
1,-5.165
1,-5.165
1,-5.163
1,-5.16
1,-5.16
1,-5.158
1,-5.157
1,-5.157
1,-5.157
1,-5.155
1,-5.155
1,-5.154
1,-5.154
1,-5.152
1,-5.152
1,-5.152
1,-5.15
1,-5.15
1,-5.15
1,-5.145
1,-5.145
1,-5.144
1,-5.144
1,-5.142
1,-5.141
1,-5.136
1,-5.136
1,-5.135
1,-5.135
1,-5.134
1,-5.134
1,-5.132
1,-5.132
1,-5.131
1,-5.13
1,-5.129
1,-5.129
1,-5.128
1,-5.128
1,-5.126
1,-5.126
1,-5.125
1,-5.124
1,-5.122
1,-5.121
1,-5.121
1,-5.12
1,-5.118
1,-5.117
1,-5.116
1,-5.116
1,-5.113
1,-5.113
1,-5.111
1,-5.111
1,-5.108
1,-5.106
1,-5.106
1,-5.105
1,-5.105
1,-5.104
1,-5.099
1,-5.098
1,-5.098
1,-5.098
1,-5.097
1,-5.095
1,-5.095
1,-5.094
1,-5.094
1,-5.094
1,-5.094
1,-5.09
1,-5.087
1,-5.085
1,-5.085
1,-5.084
1,-5.08
1,-5.08
1,-5.076
1,-5.074
1,-5.074
1,-5.074
1,-5.073
1,-5.072
1,-5.072
1,-5.071
1,-5.071
1,-5.068
1,-5.068
1,-5.067
1,-5.066
1,-5.065
1,-5.065
1,-5.065
1,-5.064
1,-5.063
1,-5.062
1,-5.061
1,-5.061
1,-5.061
1,-5.059
1,-5.059
1,-5.057
1,-5.056
1,-5.055
1,-5.054
1,-5.053
1,-5.052
1,-5.051
1,-5.05
1,-5.05
1,-5.05
1,-5.049
1,-5.048
1,-5.047
1,-5.046
1,-5.046
1,-5.045
1,-5.044
1,-5.044
1,-5.041
1,-5.041
1,-5.038
1,-5.038
1,-5.037
1,-5.036
1,-5.035
1,-5.033
1,-5.033
1,-5.032
1,-5.032
1,-5.031
1,-5.031
1,-5.03
1,-5.029
1,-5.029
1,-5.028
1,-5.028
1,-5.026
1,-5.025
1,-5.023
1,-5.022
1,-5.021
1,-5.021
1,-5.021
1,-5.02
1,-5.019
1,-5.019
1,-5.018
1,-5.016
1,-5.015
1,-5.015
1,-5.013
1,-5.013
1,-5.011
1,-5.01
1,-5.01
1,-5.01
1,-5.008
1,-5.007
1,-5.005
1,-5.004
1,-5.001
1,-5.0
1,-5.0
1,-4.999
1,-4.999
1,-4.998
1,-4.996
1,-4.995
1,-4.994
1,-4.994
1,-4.994
1,-4.994
1,-4.993
1,-4.991
1,-4.99
1,-4.988
1,-4.985
1,-4.984
1,-4.984
1,-4.982
1,-4.982
1,-4.979
1,-4.978
1,-4.974
1,-4.97
1,-4.969
1,-4.968
1,-4.964
1,-4.964
1,-4.963
1,-4.962
1,-4.96
1,-4.959
1,-4.958
1,-4.956
1,-4.954
1,-4.954
1,-4.954
1,-4.953
1,-4.952
1,-4.952
1,-4.952
1,-4.952
1,-4.95
1,-4.948
1,-4.947
1,-4.945
1,-4.942
1,-4.941
1,-4.94
1,-4.939
1,-4.938
1,-4.936
1,-4.936
1,-4.935
1,-4.935
1,-4.934
1,-4.931
1,-4.931
1,-4.928
1,-4.926
1,-4.925
1,-4.92
1,-4.92
1,-4.919
1,-4.919
1,-4.914
1,-4.912
1,-4.909
1,-4.907
1,-4.907
1,-4.905
1,-4.902
1,-4.897
1,-4.897
1,-4.894
1,-4.888
1,-4.884
1,-4.883
1,-4.883
1,-4.882
1,-4.881
1,-4.879
1,-4.878
1,-4.878
1,-4.877
1,-4.876
1,-4.875
1,-4.872
1,-4.872
1,-4.871
1,-4.87
1,-4.867
1,-4.866
1,-4.865
1,-4.865
1,-4.861
1,-4.861
1,-4.859
1,-4.858
1,-4.857
1,-4.854
1,-4.854
1,-4.853
1,-4.852
1,-4.852
1,-4.85
1,-4.845
1,-4.843
1,-4.842
1,-4.834
1,-4.834
1,-4.833
1,-4.83
1,-4.829
1,-4.829
1,-4.825
1,-4.824
1,-4.824
1,-4.821
1,-4.82
1,-4.818
1,-4.815
1,-4.813
1,-4.812
1,-4.811
1,-4.808
1,-4.806
1,-4.806
1,-4.805
1,-4.802
1,-4.802
1,-4.801
1,-4.8
1,-4.8
1,-4.799
1,-4.799
1,-4.795
1,-4.793
1,-4.793
1,-4.792
1,-4.789
1,-4.786
1,-4.78
1,-4.779
1,-4.779
1,-4.777
1,-4.776
1,-4.775
1,-4.774
1,-4.774
1,-4.773
1,-4.772
1,-4.771
1,-4.771
1,-4.769
1,-4.769
1,-4.768
1,-4.768
1,-4.767
1,-4.763
1,-4.762
1,-4.762
1,-4.762
1,-4.757
1,-4.757
1,-4.757
1,-4.757
1,-4.757
1,-4.754
1,-4.753
1,-4.751
1,-4.747
1,-4.747
1,-4.745
1,-4.745
1,-4.744
1,-4.741
1,-4.739
1,-4.737
1,-4.737
1,-4.736
1,-4.736
1,-4.734
1,-4.733
1,-4.732
1,-4.732
1,-4.732
1,-4.73
1,-4.73
1,-4.727
1,-4.727
1,-4.716
1,-4.715
1,-4.714
1,-4.714
1,-4.713
1,-4.707
1,-4.707
1,-4.706
1,-4.704
1,-4.703
1,-4.701
1,-4.696
1,-4.695
1,-4.694
1,-4.692
1,-4.691
1,-4.689
1,-4.689
1,-4.684
1,-4.683
1,-4.682
1,-4.681
1,-4.68
1,-4.678
1,-4.678
1,-4.675
1,-4.673
1,-4.672
1,-4.671
1,-4.67
1,-4.667
1,-4.665
1,-4.665
1,-4.665
1,-4.662
1,-4.66
1,-4.659
1,-4.658
1,-4.657
1,-4.656
1,-4.655
1,-4.654
1,-4.652
1,-4.651
1,-4.65
1,-4.65
1,-4.644
1,-4.639
1,-4.638
1,-4.638
1,-4.638
1,-4.636
1,-4.634
1,-4.633
1,-4.63
1,-4.628
1,-4.627
1,-4.625
1,-4.625
1,-4.622
1,-4.621
1,-4.621
1,-4.621
1,-4.62
1,-4.62
1,-4.62
1,-4.62
1,-4.619
1,-4.618
1,-4.618
1,-4.615
1,-4.613
1,-4.612
1,-4.609
1,-4.606
1,-4.606
1,-4.605
1,-4.603
1,-4.602
1,-4.601
1,-4.6
1,-4.6
1,-4.598
1,-4.595
1,-4.594
1,-4.594
1,-4.594
1,-4.592
1,-4.586
1,-4.583
1,-4.58
1,-4.577
1,-4.576
1,-4.573
1,-4.571
1,-4.568
1,-4.566
1,-4.564
1,-4.563
1,-4.561
1,-4.561
1,-4.559
1,-4.557
1,-4.557
1,-4.556
1,-4.556
1,-4.554
1,-4.553
1,-4.548
1,-4.547
1,-4.544
1,-4.541
1,-4.537
1,-4.537
1,-4.536
1,-4.535
1,-4.533
1,-4.533
1,-4.531
1,-4.528
1,-4.527
1,-4.526
1,-4.523
1,-4.523
1,-4.523
1,-4.522
1,-4.521
1,-4.518
1,-4.518
1,-4.516
1,-4.516
1,-4.515
1,-4.507
1,-4.507
1,-4.507
1,-4.504
1,-4.502
1,-4.501
1,-4.499
1,-4.495
1,-4.493
1,-4.491
1,-4.487
1,-4.485
1,-4.481
1,-4.475
1,-4.469
1,-4.469
1,-4.468
1,-4.465
1,-4.462
1,-4.462
1,-4.462
1,-4.46
1,-4.459
1,-4.456
1,-4.456
1,-4.456
1,-4.449
1,-4.442
1,-4.442
1,-4.44
1,-4.439
1,-4.438
1,-4.437
1,-4.436
1,-4.434
1,-4.433
1,-4.433
1,-4.431
1,-4.431
1,-4.43
1,-4.43
1,-4.429
1,-4.428
1,-4.427
1,-4.422
1,-4.422
1,-4.422
1,-4.42
1,-4.413
1,-4.411
1,-4.41
1,-4.404
1,-4.403
1,-4.403
1,-4.399
1,-4.398
1,-4.395
1,-4.394
1,-4.393
1,-4.392
1,-4.392
1,-4.388
1,-4.386
1,-4.385
1,-4.385
1,-4.384
1,-4.38
1,-4.379
1,-4.377
1,-4.376
1,-4.376
1,-4.376
1,-4.373
1,-4.373
1,-4.372
1,-4.372
1,-4.37
1,-4.367
1,-4.367
1,-4.365
1,-4.361
1,-4.358
1,-4.357
1,-4.355
1,-4.353
1,-4.35
1,-4.348
1,-4.347
1,-4.347
1,-4.347
1,-4.346
1,-4.336
1,-4.336
1,-4.335
1,-4.333
1,-4.332
1,-4.33
1,-4.329
1,-4.328
1,-4.325
1,-4.317
1,-4.316
1,-4.316
1,-4.314
1,-4.314
1,-4.313
1,-4.309
1,-4.309
1,-4.304
1,-4.301
1,-4.3
1,-4.297
1,-4.296
1,-4.295
1,-4.294
1,-4.293
1,-4.293
1,-4.289
1,-4.286
1,-4.285
1,-4.283
1,-4.281
1,-4.28
1,-4.279
1,-4.278
1,-4.277
1,-4.277
1,-4.272
1,-4.271
1,-4.27
1,-4.27
1,-4.268
1,-4.264
1,-4.264
1,-4.26
1,-4.258
1,-4.256
1,-4.256
1,-4.252
1,-4.249
1,-4.247
1,-4.242
1,-4.238
1,-4.237
1,-4.231
1,-4.23
1,-4.228
1,-4.227
1,-4.225
1,-4.224
1,-4.222
1,-4.219
1,-4.214
1,-4.213
1,-4.21
1,-4.204
1,-4.203
1,-4.201
1,-4.2
1,-4.199
1,-4.198
1,-4.198
1,-4.197
1,-4.196
1,-4.194
1,-4.192
1,-4.188
1,-4.188
1,-4.186
1,-4.184
1,-4.183
1,-4.183
1,-4.182
1,-4.181
1,-4.179
1,-4.178
1,-4.178
1,-4.177
1,-4.177
1,-4.176
1,-4.173
1,-4.172
1,-4.169
1,-4.167
1,-4.166
1,-4.165
1,-4.164
1,-4.163
1,-4.163
1,-4.162
1,-4.159
1,-4.157
1,-4.153
1,-4.152
1,-4.151
1,-4.149
1,-4.148
1,-4.146
1,-4.146
1,-4.144
1,-4.144
1,-4.141
1,-4.136
1,-4.135
1,-4.134
1,-4.134
1,-4.133
1,-4.13
1,-4.129
1,-4.127
1,-4.123
1,-4.12
1,-4.118
1,-4.118
1,-4.116
1,-4.107
1,-4.104
1,-4.101
1,-4.098
1,-4.097
1,-4.092
1,-4.085
1,-4.08
1,-4.076
1,-4.071
1,-4.07
1,-4.07
1,-4.068
1,-4.064
1,-4.063
1,-4.063
1,-4.061
1,-4.059
1,-4.058
1,-4.058
1,-4.053
1,-4.048
1,-4.045
1,-4.045
1,-4.045
1,-4.044
1,-4.043
1,-4.04
1,-4.035
1,-4.035
1,-4.034
1,-4.031
1,-4.03
1,-4.029
1,-4.027
1,-4.024
1,-4.022
1,-4.019
1,-4.018
1,-4.017
1,-4.017
1,-4.014
1,-4.012
1,-4.011
1,-4.008
1,-4.006
1,-4.003
1,-4.003
1,-4.002
1,-4.002
1,-3.996
1,-3.994
1,-3.991
1,-3.989
1,-3.988
1,-3.985
1,-3.984
1,-3.977
1,-3.976
1,-3.973
1,-3.973
1,-3.972
1,-3.97
1,-3.968
1,-3.964
1,-3.963
1,-3.961
1,-3.961
1,-3.96
1,-3.959
1,-3.959
1,-3.956
1,-3.955
1,-3.952
1,-3.952
1,-3.951
1,-3.951
1,-3.949
1,-3.947
1,-3.947
1,-3.944
1,-3.942
1,-3.941
1,-3.937
1,-3.936
1,-3.935
1,-3.934
1,-3.931
1,-3.93
1,-3.93
1,-3.926
1,-3.925
1,-3.925
1,-3.924
1,-3.92
1,-3.918
1,-3.91
1,-3.909
1,-3.909
1,-3.904
1,-3.902
1,-3.901
1,-3.894
1,-3.894
1,-3.892
1,-3.892
1,-3.891
1,-3.889
1,-3.887
1,-3.887
1,-3.884
1,-3.884
1,-3.883
1,-3.879
1,-3.879
1,-3.878
1,-3.871
1,-3.869
1,-3.869
1,-3.869
1,-3.868
1,-3.865
1,-3.865
1,-3.864
1,-3.863
1,-3.862
1,-3.862
1,-3.861
1,-3.861
1,-3.858
1,-3.856
1,-3.856
1,-3.854
1,-3.853
1,-3.853
1,-3.851
1,-3.848
1,-3.846
1,-3.842
1,-3.834
1,-3.832
1,-3.831
1,-3.83
1,-3.828
1,-3.826
1,-3.825
1,-3.823
1,-3.819
1,-3.818
1,-3.813
1,-3.811
1,-3.809
1,-3.807
1,-3.807
1,-3.806
1,-3.805
1,-3.803
1,-3.8
1,-3.8
1,-3.8
1,-3.798
1,-3.798
1,-3.798
1,-3.786
1,-3.782
1,-3.779
1,-3.779
1,-3.778
1,-3.778
1,-3.775
1,-3.773
1,-3.768
1,-3.766
1,-3.765
1,-3.764
1,-3.761
1,-3.756
1,-3.753
1,-3.753
1,-3.741
1,-3.741
1,-3.738
1,-3.738
1,-3.737
1,-3.737
1,-3.736
1,-3.734
1,-3.731
1,-3.731
1,-3.73
1,-3.723
1,-3.723
1,-3.716
1,-3.709
1,-3.708
1,-3.699
1,-3.698
1,-3.698
1,-3.697
1,-3.696
1,-3.696
1,-3.695
1,-3.693
1,-3.693
1,-3.684
1,-3.683
1,-3.682
1,-3.677
1,-3.676
1,-3.674
1,-3.67
1,-3.669
1,-3.663
1,-3.662
1,-3.653
1,-3.649
1,-3.642
1,-3.639
1,-3.638
1,-3.638
1,-3.637
1,-3.633
1,-3.631
1,-3.631
1,-3.629
1,-3.628
1,-3.628
1,-3.624
1,-3.619
1,-3.619
1,-3.616
1,-3.6
1,-3.599
1,-3.594
1,-3.593
1,-3.593
1,-3.592
1,-3.59
1,-3.59
1,-3.589
1,-3.587
1,-3.586
1,-3.584
1,-3.58
1,-3.579
1,-3.574
1,-3.574
1,-3.573
1,-3.573
1,-3.573
1,-3.568
1,-3.566
1,-3.565
1,-3.564
1,-3.561
1,-3.547
1,-3.545
1,-3.545
1,-3.544
1,-3.542
1,-3.536
1,-3.533
1,-3.533
1,-3.528
1,-3.525
1,-3.523
1,-3.523
1,-3.519
1,-3.509
1,-3.508
1,-3.506
1,-3.495
1,-3.492
1,-3.492
1,-3.492
1,-3.492
1,-3.487
1,-3.487
1,-3.478
1,-3.471
1,-3.471
1,-3.47
1,-3.469
1,-3.46
1,-3.441
1,-3.432
1,-3.426
1,-3.424
1,-3.423
1,-3.423
1,-3.422
1,-3.414
1,-3.402
1,-3.402
1,-3.398
1,-3.397
1,-3.394
1,-3.39
1,-3.387
1,-3.382
1,-3.38
1,-3.38
1,-3.378
1,-3.376
1,-3.375
1,-3.373
1,-3.362
1,-3.357
1,-3.353
1,-3.353
1,-3.352
1,-3.352
1,-3.349
1,-3.347
1,-3.343
1,-3.337
1,-3.33
1,-3.326
1,-3.325
1,-3.324
1,-3.321
1,-3.319
1,-3.315
1,-3.313
1,-3.312
1,-3.306
1,-3.304
1,-3.301
1,-3.3
1,-3.294
1,-3.287
1,-3.287
1,-3.285
1,-3.282
1,-3.277
1,-3.276
1,-3.275
1,-3.264
1,-3.263
1,-3.261
1,-3.258
1,-3.257
1,-3.254
1,-3.254
1,-3.246
1,-3.242
1,-3.238
1,-3.237
1,-3.237
1,-3.237
1,-3.235
1,-3.234
1,-3.233
1,-3.229
1,-3.225
1,-3.217
1,-3.215
1,-3.215
1,-3.214
1,-3.212
1,-3.211
1,-3.201
1,-3.199
1,-3.198
1,-3.194
1,-3.193
1,-3.183
1,-3.18
1,-3.177
1,-3.176
1,-3.173
1,-3.165
1,-3.163
1,-3.161
1,-3.16
1,-3.159
1,-3.154
1,-3.148
1,-3.145
1,-3.139
1,-3.137
1,-3.134
1,-3.132
1,-3.131
1,-3.124
1,-3.122
1,-3.116
1,-3.115
1,-3.11
1,-3.103
1,-3.094
1,-3.092
1,-3.092
1,-3.087
1,-3.086
1,-3.084
1,-3.082
1,-3.08
1,-3.062
1,-3.053
1,-3.05
1,-3.049
1,-3.048
1,-3.045
1,-3.044
1,-3.028
1,-3.018
1,-3.017
1,-2.999
1,-2.991
1,-2.988
1,-2.983
1,-2.98
1,-2.979
1,-2.976
1,-2.973
1,-2.972
1,-2.969
1,-2.968
1,-2.957
1,-2.952
2,-2.939
2,-2.937
2,-2.932
2,-2.93
2,-2.928
2,-2.912
2,-2.911
2,-2.908
2,-2.904
2,-2.895
2,-2.885
2,-2.874
2,-2.871
2,-2.87
2,-2.869
2,-2.863
2,-2.846
2,-2.844
2,-2.844
2,-2.839
2,-2.838
2,-2.818
2,-2.818
2,-2.801
2,-2.785
2,-2.775
2,-2.769
2,-2.76
2,-2.756
2,-2.741
2,-2.735
2,-2.731
2,-2.713
2,-2.704
2,-2.694
2,-2.689
2,-2.685
2,-2.679
2,-2.664
2,-2.658
2,-2.653
2,-2.648
2,-2.644
2,-2.62
2,-2.617
2,-2.599
2,-2.588
2,-2.572
2,-2.542
2,-2.541
2,-2.525
2,-2.517
2,-2.512
2,-2.456
2,-2.45
2,-2.445
2,-2.421
2,-2.42
2,-2.397
2,-2.388
2,-2.348
2,-2.339
2,-2.323
2,-2.321
2,-2.315
2,-2.307
2,-2.3
2,-2.274
2,-2.267
2,-2.255
2,-2.253
2,-2.246
2,-2.224
2,-2.198
2,-2.192
2,-2.191
2,-2.182
2,-2.17
2,-2.14
2,-2.136
2,-2.124
2,-2.122
2,-2.119
2,-2.069
2,-2.045
2,-2.03
2,-2.029
2,-2.027
2,-2.022
2,-2.019
2,-2.001
2,-1.998
2,-1.997
2,-1.983
2,-1.977
2,-1.927
2,-1.925
2,-1.869
2,-1.843
2,-1.83
2,-1.827
2,-1.814
2,-1.81
2,-1.723
2,-1.714
2,-1.674
2,-1.672
2,-1.651
2,-1.622
2,-1.545
2,-1.493
2,-1.479
2,-1.217
2,-1.031
2,-1.026
2,0.566
